# vertex distance (NEW SSSP filled with Dijkstra for inf)
0 0.000000
1 9.456412
2 11.028205
3 18.868865
4 8.597037
5 16.345683
6 11.624836
7 11.209139
8 9.763779
9 14.417210
10 9.046027
11 13.557544
12 9.015615
13 17.777373
14 9.313096
15 4.858175
16 13.046816
17 16.322349
18 16.612329
19 14.059248
20 15.444427
21 11.940563
22 13.978225
23 15.034322
24 11.168994
25 12.860567
26 15.755754
27 11.553157
28 5.875641
29 8.251351
30 14.131869
31 15.843540
32 7.923633
33 4.498331
34 3.756918
35 17.713936
36 15.032894
37 14.651226
38 13.547627
39 14.896865
40 14.256958
41 11.089518
42 12.534965
43 14.880677
44 13.239808
45 15.194427
46 5.401561
47 13.929365
48 18.167268
49 7.046254
50 15.550770
51 16.364222
52 15.698208
53 13.953340
54 6.970638
55 17.134827
56 17.025979
57 13.858893
58 18.873418
59 11.502792
60 13.189973
61 14.079641
62 15.864503
63 15.725263
64 13.014976
65 13.426426
66 19.573326
67 11.499079
68 11.146675
69 11.444873
70 14.842581
71 14.536373
72 12.642397
73 13.849126
74 17.862622
75 12.815171
76 9.162965
77 16.904444
78 13.257099
79 9.368571
80 13.251064
81 14.537168
82 13.751647
83 22.331986
84 16.746452
85 12.975203
86 14.672238
87 7.805889
88 14.464527
89 14.372782
90 7.471175
91 13.276307
92 13.614831
93 12.699937
94 15.245890
95 15.188316
96 19.270237
97 5.753479
98 9.399748
99 11.269952
100 13.133649
101 13.744097
102 8.612830
103 7.568952
104 17.702971
105 12.289823
106 11.027600
107 16.738144
108 12.859512
109 8.735740
110 16.543740
111 12.564828
112 18.125370
113 11.501378
114 9.807952
115 12.284181
116 18.514610
117 14.494846
118 11.237212
119 12.029713
120 9.158256
121 15.861852
122 14.812158
123 11.848002
124 13.658629
125 10.810836
126 9.529640
127 16.359035
128 10.424330
129 10.290815
130 12.074433
131 10.061963
132 14.084392
133 4.383132
134 10.664730
135 18.409077
136 12.179200
137 10.265421
138 15.384921
139 10.360669
140 18.485777
141 12.908359
142 10.186870
143 8.979863
144 13.828339
145 13.460969
146 9.527815
147 12.232400
148 11.822534
149 7.975808
150 6.576454
151 6.059933
152 11.327768
153 13.864290
154 17.759547
155 14.479060
156 13.203850
157 13.728708
158 16.853256
159 12.195386
160 17.862428
161 13.611823
162 8.139656
163 18.020942
164 11.809466
165 12.094152
166 13.505115
167 7.428220
168 15.396662
169 13.568064
170 11.054927
171 14.554240
172 21.048728
173 12.882008
174 14.050624
175 12.823276
176 19.823405
177 18.666981
178 16.687681
179 15.458774
180 13.942889
181 5.422710
182 6.348189
183 12.532139
184 12.498866
185 2.900106
186 15.325387
187 14.862390
188 11.823970
189 5.414800
190 13.504844
191 14.927961
192 17.749301
193 11.880383
194 8.526450
195 8.962756
196 5.179423
197 9.768323
198 8.186161
199 14.713332
200 8.859055
201 5.067465
202 11.856627
203 16.143883
204 16.449111
205 10.744133
206 15.221094
207 9.284267
208 8.020393
209 8.207046
210 9.336642
211 14.966166
212 27.189031
213 15.067917
214 15.406107
215 7.024175
216 12.402378
217 13.729959
218 19.501878
219 16.149146
220 16.711569
221 6.960787
222 22.566221
223 14.760861
224 12.576980
225 9.960997
226 20.947614
227 7.577514
228 15.313295
229 8.824910
230 12.928906
231 12.708319
232 13.235375
233 10.686178
234 12.620334
235 13.968513
236 13.508660
237 12.533022
238 16.630291
239 13.411768
240 14.866560
241 15.055441
242 20.815879
243 11.522313
244 9.794869
245 8.769489
246 15.225509
247 15.996154
248 17.656756
249 10.615091
250 13.033569
251 12.312030
252 20.411708
253 13.392459
254 14.937522
255 10.880686
256 16.923171
257 18.153260
258 11.872207
259 12.659675
260 9.125860
261 12.190899
262 18.709330
263 6.427225
264 11.396679
265 9.586728
266 14.717705
267 10.429882
268 11.922038
269 14.737069
270 13.794469
271 14.243284
272 11.593009
273 14.062933
274 13.100113
275 12.487340
276 14.463765
277 15.983208
278 12.572363
279 15.192504
280 7.976353
281 15.876668
282 16.308890
283 12.624678
284 8.535824
285 21.784900
286 23.179498
287 11.440464
288 10.724721
289 18.883542
290 18.998297
291 13.986591
292 9.542443
293 17.432321
294 14.792251
295 13.852669
296 5.814021
297 11.003797
298 11.157183
299 10.384678
300 3.966376
301 4.055690
302 11.319350
303 14.966616
304 10.472746
305 7.796161
306 13.825441
307 11.594631
308 12.636491
309 9.380126
310 14.615885
311 12.502732
312 11.052663
313 15.680695
314 22.086601
315 18.452189
316 17.176807
317 13.857516
318 20.798800
319 12.948284
320 11.804250
321 14.182454
322 13.314031
323 12.366280
324 15.647334
325 17.291247
326 13.372239
327 10.908833
328 11.830155
329 9.111783
330 6.997174
331 12.873036
332 13.909777
333 14.481636
334 8.822120
335 15.603663
336 13.230158
337 18.573640
338 14.520847
339 15.028711
340 18.056205
341 12.790931
342 13.519012
343 11.719596
344 14.294037
345 19.243568
346 15.223681
347 13.644062
348 10.540849
349 17.576941
350 9.742202
351 14.650983
352 12.687262
353 10.676442
354 14.603030
355 13.956773
356 16.245246
357 13.112019
358 15.067433
359 17.122837
360 14.033648
361 19.078267
362 8.957085
363 13.180128
364 15.412049
365 11.579991
366 13.212345
367 11.209056
368 11.169726
369 11.332170
370 8.915736
371 9.058317
372 13.876253
373 14.655405
374 8.075101
375 17.289678
376 12.305559
377 7.757341
378 10.414786
379 8.469907
380 12.277009
381 6.097576
382 12.616796
383 15.417063
384 11.284054
385 9.041293
386 6.958384
387 9.431264
388 15.615921
389 15.001324
390 11.197191
391 15.182681
392 8.123557
393 10.751212
394 8.510021
395 16.211297
396 12.263468
397 18.108131
398 9.157857
399 10.582217
400 9.075565
401 7.223166
402 20.555513
403 13.327963
404 18.869701
405 12.822607
406 15.187301
407 12.896834
408 12.873938
409 15.492726
410 12.085635
411 12.992377
412 11.618167
413 16.471974
414 13.923458
415 17.058964
416 18.781389
417 22.556709
418 14.485287
419 10.490789
420 8.450190
421 10.082833
422 10.747190
423 8.884209
424 10.404855
425 13.348986
426 15.770988
427 17.728713
428 14.555425
429 14.061230
430 12.656196
431 16.428068
432 14.069682
433 11.985524
434 11.925646
435 19.566098
436 12.723964
437 11.867674
438 13.212826
439 10.200792
440 12.263612
441 9.498868
442 10.546366
443 10.269016
444 6.188833
445 6.736779
446 11.676491
447 7.927510
448 12.068217
449 19.165624
450 13.665466
451 11.431676
452 13.941415
453 15.673153
454 14.799866
455 10.997634
456 10.261119
457 11.932413
458 10.957397
459 9.143006
460 7.200202
461 12.222696
462 10.507634
463 15.285631
464 12.106040
465 12.402249
466 13.461533
467 9.995767
468 6.295619
469 14.042128
470 18.365990
471 14.926333
472 14.601129
473 12.359758
474 11.090025
475 13.351921
476 13.263037
477 12.614614
478 11.328699
479 14.584356
480 8.683512
481 9.582439
482 15.392472
483 17.049867
484 13.325443
485 10.385055
486 14.201996
487 14.140791
488 10.124760
489 10.023426
490 20.376375
491 15.388941
492 14.159801
493 9.997218
494 11.699505
495 12.777805
496 10.482758
497 18.544767
498 13.588786
499 14.890608
500 9.604906
501 10.407398
502 14.746384
503 11.554558
504 14.829527
505 12.192167
506 12.689757
507 7.543454
508 15.599823
509 17.749386
510 15.642571
511 17.859338
512 10.404444
513 16.739741
514 9.958975
515 11.818855
516 11.562705
517 7.175266
518 18.514225
519 13.678534
520 12.902890
521 12.391410
522 20.850384
523 12.539462
524 12.617365
525 11.303598
526 8.821174
527 10.435703
528 13.465273
529 12.581028
530 7.608424
531 9.088089
532 16.961868
533 16.079096
534 16.166057
535 9.918188
536 11.560367
537 20.937716
538 13.980274
539 9.916660
540 13.617468
541 11.561376
542 14.250913
543 10.114684
544 14.671443
545 14.043777
546 11.516058
547 15.002851
548 18.265463
549 15.530214
550 15.886742
551 18.772984
552 12.588382
553 14.197677
554 15.508841
555 10.547550
556 11.833018
557 15.575763
558 12.209723
559 13.025999
560 22.166209
561 12.289392
562 12.315789
563 16.574282
564 10.959263
565 6.610838
566 7.791602
567 14.228278
568 15.548409
569 17.847364
570 18.292419
571 17.515646
572 13.299640
573 16.532722
574 3.919465
575 15.050717
576 11.460054
577 12.705025
578 12.115963
579 9.481102
580 13.909079
581 11.318933
582 11.891860
583 16.763047
584 10.922362
585 14.102362
586 14.752210
587 16.612995
588 9.212232
589 15.096551
590 13.935247
591 14.394350
592 13.576478
593 20.897252
594 15.586277
595 14.184367
596 12.878754
597 10.233045
598 10.926264
599 10.035379
600 13.922826
601 11.208318
602 9.642581
603 16.333811
604 6.422313
605 11.438794
606 11.487725
607 11.840585
608 10.368041
609 16.184723
610 15.103824
611 7.600643
612 18.031874
613 14.714225
614 12.876354
615 12.606907
616 12.095688
617 8.927882
618 8.818289
619 12.116803
620 10.646898
621 10.423809
622 19.071579
623 15.845842
624 14.551054
625 11.852739
626 12.699190
627 11.168088
628 13.832306
629 10.128431
630 9.236207
631 11.032036
632 8.103642
633 13.767693
634 11.501048
635 8.880445
636 23.816270
637 14.537074
638 12.815381
639 10.523650
640 16.799149
641 15.741560
642 15.666406
643 19.729624
644 11.628291
645 10.506402
646 16.752195
647 11.836204
648 17.864956
649 14.972683
650 12.429672
651 8.290221
652 13.518116
653 15.667222
654 8.350411
655 15.242441
656 8.837361
657 15.890283
658 13.680946
659 13.177850
660 12.115385
661 9.512270
662 9.897813
663 7.924914
664 13.822728
665 10.695429
666 11.548309
667 13.029021
668 15.133852
669 13.808866
670 12.703664
671 16.525934
672 15.839694
673 13.546433
674 9.353990
675 15.600428
676 12.226162
677 10.482191
678 15.449831
679 9.386188
680 11.525041
681 10.551331
682 4.909306
683 10.321449
684 15.594032
685 24.163331
686 8.994983
687 13.178086
688 15.004352
689 11.998212
690 11.202064
691 16.601377
692 13.409904
693 14.634442
694 15.741374
695 7.210027
696 11.902022
697 15.615473
698 10.210371
699 16.586104
700 11.380330
701 13.829792
702 15.349300
703 17.111883
704 8.009567
705 11.281269
706 14.357624
707 13.030502
708 13.653425
709 19.020811
710 13.241895
711 12.346158
712 13.066650
713 8.428617
714 12.244867
715 18.288628
716 11.557355
717 12.104816
718 12.001013
719 13.540757
720 5.644300
721 15.549496
722 12.152835
723 13.188837
724 10.474012
725 14.855705
726 14.948293
727 20.998530
728 11.264565
729 12.151225
730 12.232325
731 17.596297
732 14.825687
733 14.056800
734 11.013811
735 9.572203
736 15.368846
737 14.741758
738 9.331870
739 14.748229
740 11.012723
741 9.798512
742 8.145216
743 10.491066
744 12.811586
745 19.922060
746 17.955882
747 15.733462
748 8.354189
749 12.194841
750 11.575417
751 11.886361
752 13.311198
753 10.695543
754 12.391304
755 14.367336
756 13.035036
757 24.179615
758 12.722616
759 12.212126
760 10.804180
761 15.698867
762 18.921264
763 18.704467
764 6.151044
765 9.447223
766 14.301618
767 13.233195
768 13.386499
769 11.197300
770 10.201703
771 11.797480
772 6.734485
773 21.234863
774 14.618906
775 7.331504
776 15.560054
777 13.111329
778 12.374432
779 14.580655
780 6.491419
781 18.643846
782 16.067643
783 14.027632
784 18.778520
785 9.055591
786 15.031570
787 13.046887
788 10.225403
789 14.341405
790 10.658149
791 15.714498
792 13.838725
793 7.606164
794 6.416458
795 22.747796
796 14.974702
797 10.998077
798 8.697302
799 12.220375
800 16.940598
801 12.867880
802 14.709265
803 14.157735
804 13.999569
805 11.882318
806 15.952869
807 13.572327
808 14.143163
809 12.225567
810 7.390048
811 14.309308
812 11.787198
813 6.528805
814 14.602389
815 16.744670
816 14.495565
817 7.646971
818 15.119349
819 11.060442
820 13.518330
821 15.194199
822 17.211251
823 14.631804
824 11.517875
825 9.468218
826 16.069909
827 7.282841
828 13.623204
829 5.248488
830 15.377336
831 17.302599
832 8.847143
833 10.915764
834 16.513306
835 16.082522
836 1.965268
837 13.465005
838 5.673731
839 14.249755
840 13.273234
841 5.556500
842 15.703526
843 8.300461
844 14.131681
845 14.513578
846 14.844976
847 15.997040
848 14.188038
849 13.919303
850 12.456018
851 7.496471
852 11.179734
853 8.127975
854 9.950134
855 15.357276
856 13.490142
857 15.467083
858 13.667768
859 13.125572
860 11.849078
861 19.021808
862 11.563111
863 18.440401
864 16.231975
865 12.372316
866 13.550924
867 12.469091
868 14.221391
869 19.008713
870 7.932100
871 13.648470
872 13.695951
873 4.559987
874 13.696427
875 10.165655
876 10.730721
877 14.556308
878 6.186615
879 12.023428
880 8.764703
881 15.766732
882 1.004136
883 12.159261
884 16.688817
885 15.919026
886 13.414653
887 19.218051
888 6.895493
889 14.401136
890 12.726898
891 6.519335
892 12.794152
893 17.459565
894 11.722693
895 2.952238
896 10.502578
897 11.852468
898 14.750684
899 21.282766
900 15.248131
901 10.116530
902 13.891055
903 6.375056
904 9.276188
905 14.617493
906 13.410428
907 18.189888
908 16.078907
909 16.490856
910 12.808647
911 10.498633
912 17.450675
913 10.527883
914 12.665259
915 13.849145
916 11.479641
917 11.739221
918 7.126700
919 11.608841
920 13.594669
921 15.223956
922 9.402138
923 12.124999
924 12.718669
925 16.621406
926 10.202284
927 20.732102
928 17.067408
929 13.679265
930 12.967887
931 12.687209
932 7.261114
933 11.794965
934 11.508841
935 13.356438
936 14.247111
937 13.080423
938 15.782696
939 11.737808
940 10.934486
941 11.947179
942 13.406671
943 13.590902
944 8.630723
945 15.427221
946 11.007616
947 15.846727
948 12.808020
949 9.952240
950 12.308888
951 6.726893
952 16.501418
953 12.422300
954 13.759773
955 10.786825
956 15.334527
957 14.175871
958 10.480517
959 13.450473
960 15.950117
961 10.708900
962 9.161824
963 8.526475
964 14.674098
965 16.069857
966 22.179237
967 14.655202
968 13.013594
969 21.691542
970 11.130812
971 10.775356
972 9.749327
973 8.297205
974 11.566660
975 12.800434
976 14.916484
977 13.597525
978 15.419209
979 11.881301
980 11.807623
981 11.109876
982 14.541591
983 8.026608
984 11.634941
985 13.811640
986 13.305230
987 8.069805
988 10.919056
989 10.030555
990 15.549832
991 10.904316
992 14.613037
993 7.937352
994 10.373889
995 13.655930
996 7.068227
997 8.506690
998 12.235434
999 12.652079
