# vertex distance (NEW SSSP filled with Dijkstra for inf)
0 0.000000
1 12.559751
2 8.748796
3 14.324355
4 13.984867
5 21.031315
6 12.807105
7 10.079098
8 13.204668
9 15.769721
10 15.809225
11 12.966983
12 13.939207
13 10.972699
14 10.768901
15 10.367333
16 13.865134
17 13.206503
18 14.463687
19 6.285893
20 13.918425
21 13.386629
22 10.954384
23 8.516745
24 13.295517
25 11.293066
26 10.893911
27 18.033574
28 10.513249
29 10.090507
30 16.383831
31 16.737553
32 8.628367
33 12.730308
34 15.399560
35 14.103503
36 19.217941
37 6.114570
38 14.375056
39 17.428229
40 11.020399
41 14.381441
42 14.370423
43 15.021396
44 17.424447
45 13.176143
46 14.725184
47 17.542832
48 5.339920
49 15.924427
50 16.354594
51 16.003644
52 15.299108
53 18.812416
54 9.402223
55 13.233786
56 16.812384
57 14.655415
58 13.932615
59 10.079748
60 18.794940
61 15.785759
62 13.582124
63 16.900574
64 13.497218
65 11.130782
66 12.640797
67 14.341457
68 17.104301
69 14.959357
70 11.778937
71 15.151691
72 16.042867
73 10.837443
74 11.023809
75 14.546818
76 7.463933
77 16.641989
78 15.272577
79 19.337147
80 15.415444
81 15.038035
82 7.390708
83 15.650895
84 14.207452
85 9.316786
86 13.075944
87 9.249596
88 15.022482
89 15.015882
90 11.009853
91 4.689527
92 12.856788
93 14.033045
94 15.454723
95 12.754453
96 13.849163
97 15.206226
98 15.669788
99 11.234449
100 11.505972
101 15.247300
102 9.606042
103 12.011636
104 14.242456
105 14.648370
106 17.090665
107 12.674025
108 19.635326
109 14.108087
110 12.426133
111 13.552238
112 13.906275
113 13.084206
114 12.968202
115 2.400183
116 10.647084
117 15.120456
118 14.851119
119 12.067268
120 16.215187
121 13.483160
122 18.613366
123 15.754224
124 12.552424
125 13.969763
126 19.473805
127 15.297114
128 15.103729
129 16.221512
130 16.879727
131 9.849332
132 8.965092
133 3.150048
134 20.182207
135 4.632738
136 17.042979
137 10.579904
138 22.197889
139 12.513882
140 12.886993
141 11.718207
142 12.005765
143 9.904912
144 8.548889
145 8.166088
146 15.063085
147 15.325834
148 0.945362
149 17.081969
150 10.051477
151 12.693453
152 10.937607
153 17.940393
154 14.777473
155 7.755936
156 11.141061
157 12.721429
158 12.192146
159 16.635797
160 15.500698
161 15.859960
162 13.542940
163 18.566182
164 16.453092
165 13.726008
166 14.701782
167 13.412004
168 11.979081
169 14.133116
170 9.373632
171 14.373899
172 12.975645
173 10.248542
174 14.323468
175 5.548212
176 17.017156
177 15.396766
178 15.368732
179 6.524789
180 17.729077
181 19.274654
182 17.476655
183 9.488162
184 12.481304
185 9.591281
186 11.174092
187 14.600912
188 9.015152
189 10.510594
190 12.109709
191 19.318053
192 21.051668
193 18.603879
194 7.183104
195 10.693457
196 11.036445
197 15.709074
198 13.618177
199 10.784715
200 14.394766
201 11.605371
202 12.527431
203 16.211892
204 14.102682
205 18.306929
206 14.483223
207 20.031665
208 12.877922
209 10.346549
210 4.645347
211 11.948574
212 7.247461
213 2.267812
214 18.335913
215 16.805193
216 17.031196
217 10.413864
218 17.202563
219 16.276339
220 14.826122
221 10.876845
222 12.873618
223 12.432063
224 13.606731
225 16.021686
226 16.106798
227 14.343608
228 14.582046
229 13.259955
230 9.765150
231 13.672304
232 11.113375
233 11.899559
234 12.598502
235 11.854483
236 12.323544
237 15.230230
238 12.250560
239 11.559025
240 7.940962
241 18.682843
242 16.596936
243 17.101615
244 12.369688
245 11.927281
246 8.016088
247 15.695630
248 15.371315
249 17.020648
250 13.424977
251 18.408322
252 13.265218
253 12.135225
254 11.330352
255 12.713123
256 13.148060
257 13.219125
258 13.535613
259 14.500968
260 19.584652
261 17.845539
262 15.303329
263 13.384241
264 14.476130
265 10.249370
266 6.405901
267 14.473904
268 11.835865
269 12.940750
270 16.836824
271 17.431040
272 15.718582
273 17.331246
274 16.263522
275 13.807168
276 16.335830
277 15.177062
278 12.390153
279 17.454840
280 10.132545
281 11.339852
282 13.552104
283 11.809168
284 12.663811
285 14.373644
286 15.902105
287 11.549114
288 12.040129
289 14.437030
290 18.773299
291 11.955018
292 13.218874
293 12.656848
294 12.537495
295 16.627364
296 13.519630
297 19.165052
298 10.543270
299 9.428565
300 12.097882
301 16.594895
302 17.714777
303 14.939638
304 12.931547
305 10.402027
306 13.986889
307 15.299950
308 12.946803
309 15.266404
310 17.607908
311 14.890409
312 13.075298
313 14.946712
314 10.496990
315 13.338520
316 13.121031
317 4.282323
318 17.096391
319 17.057534
320 14.320785
321 14.753425
322 15.266129
323 11.422399
324 8.193355
325 18.688377
326 13.413084
327 15.716852
328 14.739456
329 11.531326
330 17.338559
331 10.492475
332 15.627518
333 10.466214
334 9.449011
335 10.489746
336 14.326130
337 12.179845
338 15.146904
339 11.612887
340 5.817485
341 9.461622
342 14.215191
343 11.998675
344 13.896395
345 16.618312
346 6.805408
347 12.276580
348 10.911094
349 15.541318
350 18.683055
351 14.177052
352 9.922193
353 17.545102
354 13.538131
355 17.040926
356 21.276651
357 16.384550
358 14.462912
359 12.306623
360 16.119471
361 19.914587
362 14.413323
363 16.956967
364 14.756144
365 16.482340
366 13.982198
367 11.192138
368 19.140330
369 16.852812
370 11.879117
371 13.746915
372 12.227657
373 11.372317
374 11.513267
375 13.168933
376 14.056696
377 14.133428
378 12.060168
379 17.461382
380 18.295743
381 14.783130
382 10.354608
383 5.633076
384 17.052799
385 12.101859
386 11.815692
387 11.704781
388 18.765962
389 13.955503
390 12.694545
391 13.966746
392 18.167424
393 15.529097
394 14.233440
395 13.082537
396 14.382571
397 17.033960
398 8.313687
399 17.190606
400 7.295935
401 14.795722
402 12.885740
403 15.112319
404 17.506378
405 10.745397
406 20.013232
407 14.219552
408 17.816722
409 13.804364
410 10.098194
411 10.036184
412 14.434160
413 16.381360
414 14.328382
415 11.087131
416 15.942104
417 13.700900
418 10.413475
419 16.508555
420 8.774365
421 7.536990
422 16.760128
423 21.176234
424 12.738309
425 12.667939
426 19.502860
427 10.607211
428 14.741721
429 9.343190
430 12.210200
431 15.099443
432 10.068768
433 7.862244
434 16.513961
435 12.649601
436 9.680536
437 12.768206
438 10.536993
439 9.949501
440 10.146791
441 18.804852
442 13.471429
443 10.720797
444 9.625944
445 14.407768
446 7.880820
447 12.231617
448 9.156977
449 14.416433
450 11.224052
451 11.419110
452 13.875900
453 12.638778
454 11.666784
455 6.633547
456 12.658836
457 12.644604
458 13.968611
459 13.226177
460 16.284314
461 14.982728
462 13.302882
463 13.348935
464 11.691901
465 7.098626
466 15.459604
467 9.531133
468 14.751378
469 10.389305
470 16.280880
471 14.138207
472 15.742292
473 12.247687
474 19.628657
475 11.001362
476 10.750147
477 13.162840
478 11.111720
479 9.636291
480 16.736086
481 10.955358
482 13.399157
483 17.470079
484 14.833825
485 16.445896
486 10.770268
487 10.915586
488 11.737692
489 14.627392
490 15.513991
491 19.122307
492 15.266260
493 9.112910
494 11.172046
495 12.161493
496 21.042079
497 6.468126
498 16.224731
499 12.376568
500 14.826543
501 11.663000
502 15.932951
503 13.035242
504 17.029665
505 9.120313
506 16.669196
507 14.812917
508 10.037802
509 15.358375
510 16.276088
511 10.506180
512 13.356557
513 18.111106
514 16.571696
515 15.345701
516 13.199555
517 4.428962
518 12.739522
519 13.622157
520 10.985451
521 12.904021
522 12.274287
523 20.654447
524 12.187343
525 7.275495
526 13.103082
527 14.959577
528 13.372022
529 14.089511
530 10.946765
531 15.135093
532 2.304511
533 14.420074
534 13.423083
535 12.907862
536 12.117811
537 14.070980
538 14.170986
539 12.945370
540 17.271727
541 20.127482
542 19.203265
543 11.165881
544 10.314650
545 15.971680
546 12.958218
547 15.295033
548 9.647426
549 15.122075
550 10.891795
551 16.110814
552 12.443139
553 17.004490
554 16.303993
555 11.533756
556 14.714450
557 18.273072
558 14.233865
559 10.909805
560 16.233325
561 16.249430
562 11.977078
563 11.477572
564 16.692758
565 21.600722
566 11.238909
567 18.963839
568 13.177801
569 7.029016
570 13.734556
571 12.013190
572 13.136566
573 14.295841
574 19.027275
575 14.427805
576 7.252899
577 7.268712
578 16.904257
579 8.700218
580 9.138744
581 13.495701
582 17.964980
583 14.244935
584 13.077595
585 11.674556
586 14.653646
587 21.689481
588 15.515416
589 12.801387
590 18.292582
591 9.611323
592 14.849176
593 21.554607
594 15.793652
595 13.670659
596 12.112727
597 13.548063
598 18.144703
599 10.928012
600 7.017623
601 3.866008
602 5.377428
603 8.033880
604 11.199640
605 7.871646
606 14.780252
607 17.576906
608 14.441667
609 17.888643
610 10.250787
611 9.985146
612 10.998701
613 14.383815
614 17.559737
615 16.761674
616 21.115299
617 11.857266
618 16.986090
619 9.418892
620 11.604662
621 12.177127
622 19.550286
623 13.762492
624 9.534044
625 13.623776
626 17.990706
627 17.348274
628 11.985450
629 17.887504
630 16.162340
631 17.130007
632 12.538826
633 16.099321
634 16.095456
635 14.849417
636 15.693115
637 15.093177
638 12.013478
639 12.382478
640 13.347463
641 11.604151
642 10.240253
643 11.042050
644 16.359411
645 9.958759
646 12.650966
647 9.976317
648 8.582105
649 13.789414
650 10.907735
651 11.468173
652 12.830328
653 14.894937
654 11.984489
655 4.968047
656 6.925882
657 13.809232
658 6.356643
659 11.341188
660 11.306370
661 14.157480
662 17.215606
663 13.378681
664 13.226033
665 12.720700
666 12.940127
667 9.477562
668 13.834280
669 12.069555
670 17.115910
671 17.547255
672 12.146398
673 14.050287
674 14.261873
675 17.606939
676 13.754341
677 12.678665
678 14.297851
679 11.924050
680 17.446001
681 17.872803
682 13.910984
683 9.579893
684 4.093489
685 16.392570
686 8.885497
687 16.096589
688 16.438764
689 19.818685
690 18.900942
691 11.165923
692 9.934658
693 12.661822
694 14.248916
695 12.878329
696 13.064762
697 15.575936
698 10.470674
699 14.854637
700 8.941690
701 9.368282
702 11.775125
703 18.150075
704 10.294116
705 9.621575
706 13.617873
707 17.203658
708 17.014013
709 11.115275
710 9.494980
711 11.957107
712 5.139618
713 10.185378
714 17.574680
715 8.863267
716 4.573550
717 7.859546
718 13.515468
719 10.273673
720 11.199239
721 17.712402
722 11.327299
723 12.708066
724 17.692531
725 14.947224
726 16.855094
727 19.446317
728 11.594340
729 9.107193
730 15.969224
731 14.148203
732 14.051671
733 10.950348
734 16.496222
735 21.794710
736 10.646699
737 21.936356
738 15.947054
739 18.349151
740 10.496172
741 13.420615
742 19.241213
743 8.037121
744 11.515951
745 14.428451
746 16.159224
747 11.362958
748 14.500586
749 14.891786
750 16.073803
751 13.506593
752 13.527530
753 14.365811
754 16.946717
755 10.560471
756 11.301000
757 11.379627
758 16.546337
759 10.881884
760 17.336143
761 18.094746
762 11.738609
763 10.786118
764 13.503336
765 12.374169
766 13.808847
767 16.121605
768 8.943320
769 16.043343
770 17.944894
771 12.458704
772 18.205366
773 13.010190
774 10.663447
775 16.914703
776 13.909470
777 13.494884
778 13.768073
779 19.060848
780 8.611684
781 15.610018
782 12.562797
783 23.686918
784 14.301785
785 12.049199
786 11.970031
787 8.596441
788 15.941198
789 5.115346
790 9.189982
791 21.293193
792 16.796608
793 19.389007
794 14.917632
795 13.551272
796 8.253554
797 13.781544
798 17.676380
799 11.310755
800 16.377045
801 14.486391
802 12.459157
803 20.562085
804 5.554353
805 12.158812
806 10.717528
807 15.935741
808 16.987850
809 8.113750
810 7.254261
811 15.857734
812 6.050824
813 11.668598
814 10.787713
815 7.917115
816 15.436897
817 17.523012
818 15.691716
819 10.449452
820 11.414201
821 11.592534
822 14.562693
823 14.212463
824 11.468508
825 10.846731
826 6.065532
827 19.112477
828 14.184458
829 18.936692
830 12.480335
831 15.282530
832 16.216010
833 18.623790
834 10.287924
835 11.032804
836 14.363776
837 19.884325
838 19.236274
839 11.652499
840 12.444330
841 14.044364
842 12.978361
843 11.292579
844 13.316644
845 13.057621
846 11.951297
847 13.678726
848 19.492663
849 13.469408
850 10.345698
851 12.776234
852 14.141117
853 14.538360
854 12.113384
855 15.930920
856 9.417231
857 15.748166
858 19.753643
859 5.491523
860 15.407597
861 12.319836
862 17.788979
863 15.784035
864 14.839616
865 1.534673
866 15.579670
867 10.418945
868 11.571674
869 9.855502
870 8.809766
871 12.715993
872 14.994372
873 10.105564
874 18.865069
875 15.692665
876 17.366149
877 12.015700
878 14.230802
879 10.310192
880 14.290949
881 15.311560
882 15.227775
883 14.251216
884 9.548586
885 11.704121
886 16.116519
887 13.205877
888 14.680986
889 6.992596
890 14.327736
891 11.956594
892 10.334001
893 5.793059
894 12.757618
895 17.395382
896 13.298151
897 8.440764
898 17.364635
899 18.244064
900 18.632847
901 10.962430
902 12.884109
903 19.237448
904 15.554367
905 17.183752
906 14.009824
907 15.222080
908 18.507523
909 11.356895
910 18.582147
911 8.622222
912 18.080005
913 12.231851
914 10.252418
915 9.757166
916 11.926488
917 15.656164
918 12.557176
919 18.387134
920 14.897483
921 14.752015
922 11.220482
923 11.268988
924 12.059868
925 12.077450
926 11.547468
927 13.070982
928 11.697308
929 18.197841
930 9.321810
931 8.961562
932 6.478760
933 9.669885
934 13.342645
935 16.928245
936 15.728427
937 17.031557
938 12.691435
939 13.435191
940 14.167352
941 17.569571
942 7.794393
943 18.572740
944 9.954759
945 11.368976
946 14.369388
947 13.574075
948 15.107094
949 19.993383
950 15.342398
951 14.498576
952 10.611496
953 14.990105
954 15.537127
955 11.263690
956 12.506467
957 11.160474
958 11.805304
959 11.980175
960 7.877721
961 12.309135
962 12.970098
963 11.283870
964 8.368778
965 15.689877
966 13.014818
967 11.569467
968 15.021352
969 13.339857
970 11.133614
971 14.023730
972 8.570864
973 20.149400
974 13.588098
975 15.954521
976 12.150808
977 17.170453
978 15.713941
979 3.953000
980 9.958737
981 4.910258
982 15.372273
983 11.723726
984 17.070558
985 8.862905
986 8.525149
987 16.488425
988 13.238243
989 14.703034
990 12.998511
991 14.978694
992 12.271494
993 13.945025
994 17.197903
995 17.773119
996 14.883814
997 13.862234
998 15.762865
999 11.460870
1000 12.737347
1001 18.064636
1002 18.080646
1003 14.631210
1004 12.161591
1005 11.191034
1006 15.941666
1007 14.684517
1008 12.875179
1009 9.687329
1010 16.326780
1011 11.730758
1012 16.267834
1013 4.786052
1014 11.533139
1015 7.123746
1016 13.991356
1017 19.541669
1018 12.144998
1019 13.022246
1020 14.721735
1021 13.466397
1022 20.513668
1023 13.121569
1024 13.066011
1025 11.498753
1026 12.067791
1027 11.151688
1028 16.300289
1029 13.046466
1030 17.104216
1031 11.770850
1032 11.594201
1033 8.811332
1034 11.604015
1035 16.033813
1036 16.837796
1037 12.232218
1038 9.589383
1039 21.138512
1040 7.756125
1041 11.827005
1042 13.545286
1043 10.338793
1044 13.379118
1045 15.292851
1046 12.151490
1047 17.903169
1048 11.963255
1049 14.178504
1050 11.319246
1051 17.434699
1052 13.429781
1053 13.935811
1054 9.267236
1055 19.534202
1056 12.525824
1057 18.573499
1058 9.755719
1059 12.758385
1060 9.284678
1061 14.670978
1062 8.045210
1063 16.176613
1064 13.807047
1065 12.515227
1066 14.876122
1067 13.858408
1068 14.694590
1069 11.991317
1070 14.438575
1071 15.217202
1072 15.253169
1073 12.029443
1074 10.268713
1075 12.296268
1076 9.193399
1077 16.952074
1078 12.785633
1079 12.650801
1080 10.378820
1081 10.929691
1082 19.139917
1083 13.530888
1084 10.879429
1085 11.750796
1086 15.663133
1087 18.815844
1088 8.410743
1089 9.503786
1090 10.910318
1091 18.614019
1092 17.087461
1093 20.251712
1094 8.949646
1095 13.116632
1096 19.560678
1097 9.454746
1098 10.683542
1099 15.871539
1100 14.392198
1101 16.065047
1102 8.831023
1103 10.269680
1104 12.015131
1105 13.671351
1106 15.954005
1107 17.645811
1108 16.095092
1109 13.952861
1110 16.289336
1111 15.247486
1112 17.122597
1113 14.320680
1114 9.141023
1115 16.461141
1116 17.263435
1117 18.367625
1118 8.177705
1119 12.016396
1120 10.940942
1121 12.885752
1122 13.188330
1123 16.914362
1124 16.554460
1125 15.004096
1126 12.174248
1127 14.530212
1128 20.052249
1129 15.943842
1130 7.299509
1131 12.976161
1132 16.335189
1133 15.343500
1134 9.117563
1135 11.899723
1136 11.563612
1137 13.633905
1138 8.848925
1139 11.063686
1140 15.304288
1141 17.187834
1142 16.291803
1143 12.850670
1144 10.020329
1145 19.229201
1146 10.710836
1147 19.774616
1148 14.280908
1149 3.874517
1150 11.985649
1151 18.611885
1152 6.425228
1153 9.420047
1154 8.655370
1155 16.314653
1156 7.731145
1157 14.019891
1158 13.583490
1159 12.960911
1160 13.846628
1161 12.131149
1162 15.006982
1163 11.845655
1164 13.906930
1165 16.398301
1166 11.093238
1167 16.311428
1168 3.649135
1169 8.309447
1170 15.833288
1171 11.229032
1172 11.625980
1173 15.392992
1174 17.349916
1175 10.970123
1176 14.099409
1177 10.002886
1178 10.365588
1179 16.348409
1180 4.345131
1181 16.083238
1182 13.241459
1183 9.722382
1184 12.062523
1185 17.905753
1186 17.252742
1187 13.801462
1188 13.480569
1189 12.510589
1190 14.143689
1191 12.139995
1192 14.405373
1193 8.632102
1194 12.121033
1195 12.435944
1196 15.710260
1197 14.601706
1198 15.831675
1199 14.089232
1200 13.966217
1201 17.192122
1202 14.172825
1203 13.498680
1204 9.209304
1205 18.355995
1206 14.046329
1207 15.200731
1208 8.366524
1209 17.599667
1210 14.621311
1211 9.791953
1212 13.680915
1213 14.884313
1214 16.094590
1215 10.882116
1216 18.063737
1217 14.919687
1218 11.123241
1219 12.229278
1220 18.238328
1221 8.992901
1222 12.572922
1223 12.967677
1224 13.712386
1225 14.792208
1226 12.514523
1227 14.568124
1228 16.935505
1229 16.166163
1230 14.272194
1231 14.615341
1232 14.085554
1233 11.663386
1234 10.226731
1235 16.910657
1236 17.898603
1237 11.380715
1238 15.760636
1239 15.041616
1240 10.003456
1241 15.039764
1242 12.332305
1243 8.951124
1244 18.107729
1245 0.569310
1246 10.265199
1247 14.316035
1248 17.674086
1249 14.571357
1250 11.634729
1251 15.782709
1252 18.277915
1253 14.582492
1254 8.565684
1255 12.838109
1256 15.415508
1257 10.658559
1258 17.099594
1259 19.216381
1260 14.348142
1261 16.172488
1262 14.095701
1263 11.078678
1264 15.322768
1265 16.768522
1266 19.192479
1267 15.315246
1268 20.490178
1269 10.311714
1270 20.090697
1271 10.974816
1272 15.790834
1273 16.388686
1274 8.359206
1275 13.544812
1276 11.953633
1277 10.567291
1278 14.103276
1279 16.263768
1280 13.746303
1281 10.475250
1282 15.287502
1283 8.443888
1284 13.703354
1285 11.615269
1286 11.837771
1287 16.428769
1288 9.003486
1289 18.734380
1290 16.109076
1291 14.569308
1292 10.748857
1293 17.089378
1294 9.478492
1295 12.075083
1296 8.842442
1297 12.805933
1298 12.992673
1299 13.044766
1300 15.686085
1301 12.645250
1302 10.795816
1303 16.895818
1304 15.874718
1305 7.862168
1306 14.314899
1307 12.396877
1308 6.745564
1309 15.136525
1310 13.569050
1311 14.804427
1312 16.149642
1313 9.594963
1314 14.085427
1315 11.235216
1316 14.497702
1317 8.666987
1318 8.251358
1319 14.050224
1320 17.212779
1321 14.686465
1322 14.782977
1323 13.861032
1324 10.112677
1325 11.674004
1326 11.042807
1327 14.943626
1328 13.382062
1329 13.551756
1330 14.272375
1331 15.347160
1332 13.605661
1333 15.239763
1334 10.548705
1335 10.784977
1336 9.552414
1337 13.338565
1338 15.519849
1339 12.937460
1340 15.655049
1341 14.894375
1342 10.564544
1343 16.306263
1344 14.773908
1345 17.919469
1346 17.431584
1347 15.705079
1348 13.423375
1349 16.864202
1350 11.727209
1351 16.620683
1352 13.878435
1353 14.530654
1354 10.964503
1355 14.668257
1356 13.213688
1357 10.953872
1358 14.148051
1359 13.997908
1360 13.068526
1361 8.949140
1362 18.680377
1363 14.227120
1364 20.824098
1365 13.292998
1366 17.851947
1367 13.095948
1368 11.845480
1369 14.847716
1370 9.204646
1371 13.601095
1372 15.275153
1373 12.086733
1374 14.744390
1375 11.990918
1376 15.080210
1377 16.426369
1378 12.405929
1379 14.413587
1380 14.615994
1381 9.119408
1382 16.038646
1383 16.320882
1384 8.043280
1385 8.179281
1386 15.049888
1387 15.265040
1388 13.018247
1389 11.575594
1390 14.044865
1391 11.574637
1392 9.845730
1393 18.326318
1394 17.596177
1395 15.339885
1396 12.681812
1397 11.700347
1398 12.658821
1399 13.718012
1400 13.294724
1401 19.468412
1402 13.997965
1403 16.280766
1404 16.388532
1405 13.535379
1406 22.404262
1407 15.645488
1408 13.645473
1409 12.419371
1410 14.645961
1411 15.677495
1412 16.497385
1413 8.664098
1414 13.409669
1415 13.259552
1416 14.779999
1417 14.217783
1418 16.248008
1419 4.667834
1420 18.452183
1421 12.167321
1422 20.510390
1423 19.357574
1424 17.098633
1425 15.424765
1426 17.161693
1427 18.939593
1428 6.768015
1429 9.703455
1430 13.832266
1431 6.618313
1432 13.711095
1433 13.598961
1434 7.206888
1435 16.950285
1436 13.854384
1437 20.378475
1438 10.655241
1439 17.191501
1440 15.772634
1441 6.564951
1442 12.933828
1443 13.839878
1444 14.266837
1445 17.972511
1446 14.298407
1447 13.496494
1448 10.814366
1449 10.528172
1450 15.027821
1451 17.187567
1452 16.244927
1453 19.025678
1454 6.416362
1455 17.787490
1456 11.621604
1457 14.015407
1458 14.480557
1459 9.335452
1460 16.993880
1461 15.791617
1462 9.542664
1463 9.596576
1464 16.432607
1465 13.464937
1466 13.662117
1467 12.347704
1468 7.352371
1469 14.752312
1470 15.608147
1471 11.067747
1472 10.854602
1473 11.477466
1474 15.356554
1475 13.803262
1476 12.380304
1477 13.501295
1478 12.360942
1479 14.088147
1480 7.035400
1481 10.688920
1482 10.186779
1483 12.264970
1484 10.554515
1485 10.107537
1486 15.843194
1487 14.325307
1488 15.375416
1489 17.624772
1490 12.343465
1491 16.410103
1492 14.550197
1493 14.480390
1494 9.062580
1495 11.202265
1496 15.767165
1497 14.989890
1498 11.603077
1499 16.519280
1500 14.114760
1501 14.787720
1502 15.479455
1503 18.468044
1504 13.036465
1505 15.368296
1506 10.186685
1507 12.607038
1508 18.966407
1509 10.317975
1510 12.880309
1511 12.060888
1512 11.628981
1513 13.253575
1514 14.380313
1515 12.957445
1516 10.347383
1517 17.717163
1518 8.530269
1519 15.875865
1520 12.639829
1521 14.910903
1522 14.365291
1523 11.848219
1524 19.890980
1525 12.244777
1526 14.487677
1527 8.642546
1528 12.949648
1529 16.678616
1530 13.100736
1531 14.578101
1532 13.472760
1533 17.353436
1534 14.983865
1535 15.091135
1536 14.957626
1537 15.962658
1538 18.408430
1539 13.211833
1540 13.019591
1541 9.827941
1542 20.388980
1543 12.219767
1544 17.045427
1545 24.718639
1546 13.673429
1547 18.101796
1548 16.226493
1549 6.441590
1550 12.794044
1551 16.143529
1552 6.768463
1553 12.151877
1554 14.205698
1555 16.912775
1556 15.109402
1557 12.275934
1558 13.503314
1559 8.943671
1560 14.509859
1561 19.179376
1562 8.742617
1563 11.787699
1564 11.274900
1565 14.503084
1566 12.776848
1567 15.110775
1568 11.107579
1569 13.310367
1570 6.791317
1571 14.625360
1572 16.477154
1573 11.584071
1574 13.255412
1575 9.804331
1576 16.948603
1577 10.272509
1578 7.882768
1579 14.536828
1580 17.902275
1581 21.512807
1582 7.130514
1583 20.331477
1584 11.060823
1585 13.249403
1586 15.383714
1587 10.968123
1588 8.154303
1589 16.400847
1590 11.816233
1591 19.679993
1592 3.495247
1593 16.107697
1594 15.500360
1595 16.350587
1596 13.864662
1597 17.301965
1598 15.508191
1599 6.441872
1600 9.814129
1601 12.399353
1602 12.430814
1603 13.516106
1604 15.261564
1605 15.583065
1606 21.130219
1607 14.351099
1608 16.178674
1609 9.540450
1610 15.105696
1611 12.950374
1612 21.245447
1613 13.747309
1614 13.760356
1615 10.732135
1616 11.756265
1617 11.861629
1618 11.767447
1619 8.943047
1620 12.671679
1621 15.717220
1622 16.017276
1623 12.209416
1624 11.381916
1625 13.697862
1626 15.493387
1627 14.217505
1628 9.756176
1629 19.312106
1630 15.253029
1631 9.890707
1632 11.558455
1633 14.124926
1634 13.830826
1635 7.998129
1636 11.087871
1637 17.966683
1638 11.382315
1639 13.480627
1640 18.424219
1641 15.374879
1642 13.318281
1643 7.516818
1644 12.333739
1645 15.083392
1646 6.997292
1647 17.427088
1648 11.389810
1649 10.939449
1650 14.634654
1651 10.020429
1652 16.822632
1653 13.204052
1654 4.941577
1655 13.750222
1656 12.871461
1657 14.832985
1658 13.527988
1659 13.062415
1660 14.054141
1661 12.534367
1662 12.605018
1663 16.517660
1664 9.857683
1665 18.923647
1666 17.254522
1667 15.548906
1668 12.719500
1669 13.669159
1670 13.000976
1671 14.617517
1672 14.023900
1673 11.141493
1674 8.555766
1675 15.603740
1676 15.005976
1677 17.437669
1678 14.284603
1679 13.964394
1680 14.059713
1681 13.075186
1682 14.094530
1683 12.754503
1684 11.938626
1685 13.646936
1686 13.368851
1687 16.476318
1688 14.664040
1689 16.876242
1690 15.268378
1691 10.993929
1692 10.671878
1693 15.129343
1694 15.950594
1695 10.077364
1696 19.755760
1697 10.967353
1698 10.420416
1699 16.140480
1700 9.812134
1701 17.237122
1702 13.082384
1703 13.227293
1704 10.932259
1705 13.170981
1706 14.096195
1707 11.781298
1708 11.202760
1709 10.640531
1710 14.403875
1711 19.000188
1712 13.498244
1713 15.962071
1714 20.300200
1715 14.772667
1716 13.113399
1717 15.430108
1718 12.279093
1719 9.303483
1720 15.200161
1721 9.301768
1722 10.768603
1723 15.300289
1724 7.707123
1725 13.127435
1726 14.310818
1727 13.448158
1728 11.898475
1729 14.928279
1730 17.014504
1731 13.765794
1732 14.359053
1733 15.104703
1734 16.967663
1735 13.087332
1736 11.054206
1737 11.771158
1738 12.982931
1739 13.013235
1740 16.953529
1741 14.280416
1742 8.033626
1743 7.574835
1744 5.888489
1745 16.020630
1746 16.406893
1747 8.952990
1748 9.255163
1749 11.387260
1750 12.661480
1751 15.856541
1752 15.681429
1753 12.214221
1754 13.528775
1755 19.347224
1756 9.348797
1757 14.764171
1758 14.504921
1759 9.182947
1760 15.616570
1761 15.676506
1762 16.599953
1763 14.918576
1764 16.381670
1765 11.326460
1766 10.465115
1767 12.665932
1768 11.766705
1769 11.500409
1770 16.322871
1771 16.343871
1772 12.609825
1773 11.521565
1774 14.851806
1775 12.652274
1776 12.203826
1777 16.465275
1778 5.957448
1779 11.626994
1780 15.885252
1781 9.532540
1782 19.831970
1783 17.102928
1784 14.706172
1785 16.594193
1786 14.940944
1787 15.543166
1788 14.329680
1789 16.987994
1790 14.730035
1791 19.114236
1792 12.128523
1793 15.776746
1794 4.482566
1795 14.201719
1796 11.306547
1797 15.479524
1798 11.601638
1799 15.813281
1800 14.051755
1801 11.889509
1802 13.058691
1803 9.707876
1804 18.307589
1805 5.903875
1806 10.778202
1807 15.601091
1808 10.054731
1809 9.196813
1810 18.007923
1811 12.709962
1812 5.507026
1813 8.365924
1814 5.768250
1815 20.813620
1816 16.064420
1817 14.998250
1818 12.343357
1819 12.471181
1820 13.663837
1821 18.772068
1822 9.114324
1823 16.204376
1824 15.305077
1825 12.156590
1826 12.812048
1827 8.743752
1828 15.184353
1829 15.196637
1830 11.510241
1831 8.592634
1832 14.220299
1833 13.654804
1834 8.251128
1835 16.975453
1836 14.444823
1837 14.302713
1838 8.759051
1839 10.528984
1840 13.244494
1841 16.440129
1842 19.235531
1843 11.863097
1844 13.510929
1845 13.241192
1846 9.469696
1847 10.974439
1848 13.942497
1849 9.260001
1850 14.006042
1851 10.134461
1852 6.402749
1853 12.356198
1854 16.345437
1855 12.258504
1856 7.079483
1857 12.927245
1858 11.923337
1859 7.595643
1860 14.485773
1861 15.947374
1862 11.746004
1863 11.968500
1864 14.660179
1865 13.658082
1866 13.132789
1867 15.411128
1868 13.905798
1869 17.122922
1870 6.744456
1871 15.290646
1872 14.209960
1873 14.065748
1874 11.489903
1875 16.148216
1876 15.206217
1877 17.942696
1878 7.506967
1879 14.350711
1880 12.056231
1881 10.700156
1882 13.533420
1883 7.942239
1884 15.144850
1885 11.426208
1886 14.883605
1887 14.357755
1888 15.108601
1889 15.293069
1890 10.918797
1891 13.675264
1892 14.996714
1893 14.911857
1894 19.203002
1895 15.365609
1896 12.338615
1897 13.129919
1898 19.300691
1899 10.332908
1900 9.910538
1901 17.177067
1902 14.335040
1903 15.349927
1904 7.622212
1905 10.108360
1906 10.440086
1907 14.927724
1908 15.145001
1909 9.821579
1910 12.806074
1911 13.339115
1912 7.145072
1913 11.207119
1914 14.470580
1915 5.896107
1916 13.953020
1917 8.743588
1918 14.953322
1919 13.200095
1920 12.603474
1921 13.456114
1922 16.838339
1923 13.824304
1924 16.819952
1925 12.963627
1926 13.075727
1927 14.667642
1928 16.089073
1929 14.071521
1930 12.897347
1931 7.714706
1932 14.481365
1933 11.929423
1934 16.472097
1935 7.671602
1936 12.507479
1937 9.973871
1938 9.826750
1939 13.088443
1940 12.127374
1941 20.106413
1942 15.506124
1943 4.820522
1944 8.615060
1945 11.782257
1946 12.443880
1947 12.116612
1948 14.204203
1949 13.739628
1950 14.620777
1951 8.255695
1952 18.290310
1953 13.346718
1954 15.898517
1955 13.463242
1956 12.012707
1957 15.993402
1958 11.568038
1959 10.394812
1960 13.663050
1961 16.045272
1962 19.132847
1963 14.723195
1964 14.233820
1965 9.631944
1966 10.501755
1967 8.083464
1968 19.957501
1969 13.047915
1970 13.366474
1971 12.852388
1972 16.154766
1973 13.499626
1974 13.843991
1975 12.223582
1976 14.977969
1977 16.044060
1978 11.752152
1979 16.157904
1980 12.684619
1981 13.083379
1982 13.062312
1983 10.629629
1984 13.855049
1985 13.314811
1986 11.564804
1987 12.087860
1988 10.808114
1989 17.209390
1990 11.632563
1991 19.735229
1992 10.841650
1993 11.907897
1994 14.908318
1995 16.451321
1996 12.587858
1997 12.428491
1998 20.268628
1999 13.585590
2000 17.181738
2001 16.146141
2002 18.087831
2003 5.413375
2004 14.571687
2005 10.352247
2006 16.397554
2007 16.021541
2008 21.432120
2009 18.067326
2010 8.595156
2011 13.634502
2012 15.785044
2013 9.241890
2014 9.495266
2015 11.731255
2016 15.064323
2017 11.305832
2018 15.006168
2019 14.352650
2020 15.820556
2021 11.022276
2022 9.345361
2023 11.607843
2024 17.390365
2025 16.438245
2026 7.226115
2027 5.295060
2028 13.937286
2029 13.628515
2030 12.801972
2031 9.665943
2032 12.209578
2033 4.319709
2034 16.636107
2035 10.362811
2036 17.652032
2037 18.332785
2038 17.684173
2039 18.442111
2040 8.505730
2041 4.897221
2042 0.297742
2043 12.790836
2044 13.773389
2045 12.156392
2046 15.410346
2047 12.048935
2048 14.632262
2049 7.367585
2050 12.295920
2051 12.046805
2052 18.641454
2053 13.321302
2054 13.586891
2055 11.495252
2056 20.764220
2057 12.680510
2058 13.543321
2059 10.776081
2060 14.232139
2061 12.144816
2062 11.823293
2063 20.262715
2064 13.529605
2065 13.110813
2066 18.910160
2067 5.060158
2068 14.254287
2069 10.741833
2070 9.608691
2071 15.363108
2072 17.395738
2073 15.482688
2074 14.146388
2075 16.487048
2076 14.598888
2077 9.238972
2078 9.683082
2079 13.074983
2080 6.550103
2081 15.895669
2082 9.764601
2083 21.012650
2084 12.083618
2085 19.432973
2086 7.423035
2087 10.523256
2088 13.877266
2089 14.151173
2090 11.394201
2091 10.592217
2092 10.105386
2093 5.984455
2094 14.291142
2095 11.321079
2096 12.577952
2097 18.398650
2098 17.850198
2099 12.467155
2100 18.722622
2101 8.869552
2102 15.740369
2103 7.754246
2104 13.527829
2105 17.776459
2106 14.848767
2107 10.231915
2108 18.610335
2109 12.942151
2110 14.475871
2111 13.079604
2112 8.977210
2113 14.885035
2114 14.526097
2115 15.613151
2116 14.326794
2117 8.496662
2118 14.739017
2119 9.261639
2120 14.153602
2121 11.468851
2122 15.095826
2123 11.645434
2124 10.176496
2125 8.419450
2126 7.676745
2127 11.217730
2128 11.616285
2129 16.095158
2130 17.248364
2131 11.264637
2132 12.944453
2133 15.933122
2134 13.497006
2135 13.881173
2136 16.515522
2137 13.950650
2138 14.492200
2139 9.930445
2140 8.818843
2141 13.240542
2142 18.295174
2143 11.093059
2144 17.840395
2145 15.694964
2146 18.225462
2147 6.035927
2148 10.319060
2149 17.080968
2150 11.550391
2151 14.835256
2152 15.714132
2153 16.397665
2154 10.831516
2155 14.923060
2156 10.787193
2157 10.256025
2158 11.924361
2159 6.567218
2160 11.597220
2161 15.199150
2162 12.705784
2163 12.445935
2164 16.622191
2165 11.111125
2166 17.765617
2167 10.355695
2168 13.656540
2169 6.887297
2170 15.116614
2171 4.758656
2172 15.656967
2173 10.958079
2174 11.396111
2175 13.411624
2176 15.804854
2177 16.744682
2178 17.559346
2179 17.523967
2180 17.904999
2181 16.391438
2182 10.178531
2183 13.959406
2184 17.483540
2185 13.462725
2186 13.250376
2187 17.769538
2188 12.114056
2189 13.325872
2190 7.906213
2191 12.848493
2192 14.468048
2193 13.884359
2194 5.635293
2195 1.787893
2196 8.368557
2197 14.542073
2198 13.348718
2199 15.685698
2200 14.676471
2201 9.278942
2202 12.414331
2203 15.267759
2204 12.622214
2205 15.467525
2206 12.973438
2207 12.473453
2208 13.312006
2209 14.165046
2210 10.962720
2211 13.652739
2212 9.198706
2213 16.807904
2214 10.867972
2215 11.727927
2216 17.038225
2217 13.573530
2218 12.040049
2219 9.279812
2220 16.557818
2221 7.693810
2222 12.128520
2223 13.097677
2224 16.469875
2225 17.840941
2226 19.044955
2227 14.960997
2228 14.143408
2229 8.790481
2230 8.741645
2231 10.196501
2232 13.978384
2233 10.443876
2234 15.323460
2235 18.317642
2236 10.562622
2237 8.025940
2238 11.085968
2239 14.675617
2240 18.524309
2241 10.361389
2242 10.268468
2243 8.855470
2244 13.908963
2245 14.924209
2246 13.842584
2247 13.937775
2248 12.784524
2249 15.802977
2250 9.532931
2251 14.444367
2252 12.686071
2253 12.468645
2254 14.777323
2255 11.926234
2256 18.021086
2257 9.278696
2258 7.367102
2259 12.665043
2260 13.101809
2261 15.742315
2262 15.243763
2263 11.181436
2264 10.880835
2265 16.548853
2266 11.197388
2267 13.312514
2268 14.202671
2269 10.618451
2270 9.693145
2271 8.880404
2272 7.469145
2273 11.855705
2274 14.602076
2275 2.568118
2276 14.900686
2277 3.887190
2278 12.163397
2279 13.959088
2280 11.610502
2281 21.397346
2282 8.062561
2283 6.719665
2284 13.426306
2285 5.857337
2286 19.674743
2287 11.591310
2288 14.836606
2289 15.470305
2290 17.250289
2291 15.053677
2292 13.587472
2293 10.837730
2294 13.488825
2295 15.590782
2296 12.475088
2297 12.852782
2298 13.015977
2299 10.878780
2300 14.908959
2301 12.689939
2302 16.263015
2303 13.356739
2304 16.439771
2305 15.399970
2306 22.166715
2307 18.254333
2308 10.913596
2309 14.462337
2310 11.647281
2311 17.106724
2312 12.110711
2313 10.580996
2314 4.069418
2315 15.093852
2316 14.109153
2317 18.006776
2318 9.749957
2319 5.683476
2320 15.198229
2321 11.603298
2322 17.152331
2323 17.468784
2324 12.421813
2325 13.369927
2326 4.894849
2327 11.659580
2328 11.984918
2329 10.194022
2330 8.180785
2331 13.840664
2332 11.294377
2333 17.685737
2334 11.659700
2335 14.544657
2336 10.783494
2337 10.478914
2338 9.233980
2339 17.717618
2340 6.836277
2341 12.339746
2342 17.872473
2343 14.689463
2344 18.140169
2345 15.522310
2346 13.471709
2347 14.080326
2348 16.673959
2349 11.716553
2350 11.112376
2351 13.487227
2352 16.493720
2353 7.882346
2354 8.354426
2355 6.331761
2356 10.260742
2357 18.008875
2358 8.251246
2359 11.233230
2360 10.313069
2361 10.260108
2362 15.937880
2363 10.591319
2364 13.069691
2365 13.360278
2366 12.030156
2367 16.951876
2368 12.251936
2369 16.615166
2370 12.672235
2371 11.382677
2372 12.712992
2373 12.420051
2374 9.031469
2375 11.429813
2376 12.859875
2377 17.405464
2378 13.367793
2379 9.091266
2380 13.998640
2381 11.402939
2382 13.783611
2383 15.945853
2384 11.204838
2385 15.778979
2386 23.101553
2387 11.413721
2388 11.198917
2389 19.002185
2390 14.897307
2391 12.800653
2392 18.969445
2393 14.817278
2394 10.473671
2395 14.217823
2396 19.039161
2397 15.603915
2398 17.655840
2399 15.380805
2400 11.265919
2401 12.998241
2402 8.951891
2403 20.253177
2404 10.187689
2405 14.380933
2406 5.980983
2407 10.938606
2408 11.620741
2409 11.127964
2410 16.428635
2411 12.927038
2412 13.877485
2413 13.870270
2414 19.764769
2415 11.318804
2416 16.911861
2417 15.279326
2418 22.852664
2419 9.709934
2420 5.449672
2421 8.006160
2422 11.588289
2423 8.700762
2424 5.427026
2425 12.253003
2426 12.887177
2427 14.998100
2428 15.462808
2429 10.820677
2430 14.290960
2431 14.276661
2432 6.296139
2433 10.198228
2434 15.185984
2435 11.307365
2436 20.321047
2437 12.680258
2438 13.986934
2439 11.719079
2440 15.664942
2441 12.559434
2442 12.321109
2443 14.652887
2444 17.456602
2445 12.066975
2446 10.166958
2447 15.329936
2448 16.515998
2449 13.002106
2450 16.886694
2451 17.827924
2452 18.608371
2453 11.344466
2454 9.828377
2455 13.833232
2456 5.564723
2457 14.444654
2458 12.559860
2459 18.401048
2460 16.378992
2461 11.359695
2462 17.054254
2463 13.186024
2464 11.731613
2465 11.517364
2466 11.669638
2467 18.380409
2468 11.269059
2469 14.504076
2470 14.327699
2471 14.753557
2472 10.588545
2473 11.397862
2474 11.904656
2475 10.667090
2476 12.246343
2477 13.315739
2478 16.489439
2479 9.630366
2480 11.847981
2481 16.772969
2482 14.807134
2483 17.506325
2484 14.114757
2485 14.702088
2486 15.686296
2487 13.476836
2488 11.455466
2489 14.220360
2490 12.203231
2491 12.451087
2492 8.195042
2493 14.305280
2494 11.284859
2495 15.619514
2496 13.431485
2497 17.391816
2498 10.449711
2499 21.551038
2500 13.744578
2501 16.755520
2502 16.409230
2503 8.944185
2504 10.196436
2505 14.933273
2506 19.905513
2507 18.369144
2508 11.962604
2509 9.915327
2510 10.794870
2511 6.948921
2512 11.444173
2513 14.370017
2514 16.292640
2515 7.065766
2516 14.421125
2517 9.701556
2518 14.309133
2519 13.422752
2520 7.764728
2521 17.089551
2522 8.558110
2523 11.195498
2524 8.512243
2525 11.496211
2526 13.750490
2527 10.727341
2528 12.952365
2529 19.111199
2530 9.797580
2531 13.136325
2532 14.466895
2533 17.485795
2534 5.674862
2535 10.332087
2536 13.233933
2537 17.004961
2538 12.514347
2539 12.151899
2540 12.054503
2541 16.522427
2542 17.471217
2543 6.192962
2544 19.229922
2545 15.280685
2546 6.082450
2547 10.447249
2548 16.930890
2549 8.595610
2550 10.194444
2551 11.288438
2552 18.771939
2553 16.706693
2554 6.469343
2555 12.642890
2556 17.497313
2557 16.351782
2558 19.709787
2559 13.216494
2560 18.303360
2561 18.291523
2562 19.116249
2563 18.467007
2564 10.598791
2565 11.273153
2566 17.663129
2567 17.786006
2568 12.554908
2569 14.309883
2570 12.951417
2571 12.843690
2572 22.020505
2573 10.155716
2574 14.443278
2575 14.691152
2576 9.284580
2577 13.227566
2578 11.554559
2579 12.324512
2580 12.484363
2581 15.471114
2582 13.054957
2583 13.137811
2584 21.514447
2585 14.304005
2586 13.488612
2587 13.276543
2588 11.433640
2589 10.547718
2590 14.967059
2591 11.200968
2592 16.325031
2593 18.299919
2594 11.152809
2595 14.793641
2596 9.328447
2597 14.450694
2598 13.863203
2599 12.004967
2600 16.262900
2601 10.988354
2602 11.608647
2603 7.309716
2604 17.307825
2605 10.343673
2606 9.157237
2607 11.469376
2608 15.546983
2609 14.335499
2610 12.377799
2611 9.956548
2612 15.323107
2613 12.888423
2614 16.286779
2615 19.939922
2616 20.361851
2617 13.301654
2618 11.689869
2619 10.917054
2620 14.664063
2621 10.751198
2622 13.276954
2623 12.127779
2624 16.496679
2625 16.784159
2626 10.817120
2627 12.320906
2628 18.092581
2629 14.206944
2630 15.804729
2631 9.585468
2632 7.667028
2633 12.374247
2634 13.866262
2635 13.944293
2636 9.193404
2637 14.613285
2638 12.294899
2639 8.367268
2640 14.782012
2641 14.774572
2642 14.323399
2643 11.799629
2644 14.024433
2645 19.970128
2646 8.061102
2647 15.959062
2648 13.957274
2649 13.303993
2650 13.797563
2651 15.477606
2652 15.005329
2653 10.699309
2654 15.581639
2655 13.767371
2656 14.304801
2657 12.646802
2658 20.138256
2659 18.365284
2660 11.163209
2661 15.154591
2662 14.062811
2663 14.986068
2664 15.725065
2665 12.571683
2666 10.239265
2667 10.812727
2668 14.441873
2669 13.056648
2670 12.009685
2671 15.862491
2672 13.985463
2673 9.488216
2674 13.857248
2675 10.339740
2676 12.405805
2677 18.149043
2678 14.276447
2679 11.485517
2680 9.981589
2681 10.542572
2682 12.106980
2683 15.530827
2684 16.712173
2685 10.962167
2686 14.595087
2687 15.772558
2688 11.996717
2689 14.347901
2690 13.682192
2691 20.774817
2692 9.290825
2693 16.531878
2694 10.733657
2695 14.777641
2696 12.497774
2697 9.529550
2698 11.884272
2699 18.173421
2700 14.347840
2701 15.471140
2702 6.271344
2703 14.746763
2704 7.329774
2705 14.892670
2706 14.782626
2707 12.956846
2708 15.522468
2709 5.094661
2710 13.454496
2711 15.404154
2712 20.141149
2713 13.520166
2714 13.732672
2715 12.946559
2716 15.349221
2717 17.067808
2718 16.992420
2719 14.455260
2720 13.610798
2721 14.297352
2722 16.287362
2723 5.699353
2724 9.629129
2725 11.217952
2726 10.324074
2727 11.728573
2728 13.130333
2729 12.945252
2730 8.947178
2731 15.947804
2732 8.645917
2733 12.881508
2734 18.607656
2735 13.578930
2736 14.484924
2737 15.821191
2738 7.592814
2739 17.837633
2740 16.129848
2741 16.518373
2742 17.230792
2743 12.218379
2744 11.322331
2745 13.335281
2746 14.484156
2747 11.008115
2748 11.323925
2749 16.577794
2750 14.784712
2751 5.426559
2752 16.084634
2753 11.850362
2754 8.835710
2755 11.021651
2756 13.851589
2757 18.439967
2758 15.594660
2759 16.123876
2760 16.448273
2761 10.752606
2762 10.345560
2763 15.348849
2764 9.623123
2765 8.209547
2766 6.868094
2767 12.265845
2768 9.725220
2769 12.110593
2770 17.599764
2771 11.328767
2772 19.290305
2773 14.325433
2774 3.942431
2775 15.976511
2776 13.840466
2777 11.853770
2778 14.502094
2779 9.524438
2780 10.879289
2781 11.386861
2782 2.589257
2783 16.416159
2784 11.063621
2785 7.507117
2786 6.285057
2787 18.926941
2788 7.293370
2789 12.480028
2790 11.250710
2791 6.254154
2792 9.684077
2793 12.570335
2794 15.147226
2795 8.251443
2796 10.667175
2797 12.971163
2798 10.974684
2799 14.875483
2800 13.975139
2801 14.477694
2802 14.150211
2803 12.457376
2804 14.421341
2805 16.433259
2806 18.043483
2807 16.409480
2808 8.373364
2809 13.899430
2810 13.890246
2811 15.199265
2812 13.336806
2813 20.047028
2814 14.057360
2815 19.762873
2816 14.050253
2817 13.251067
2818 15.594008
2819 10.010123
2820 12.493899
2821 17.134158
2822 10.346269
2823 18.914864
2824 13.797870
2825 12.893242
2826 12.729203
2827 14.750182
2828 7.854330
2829 17.940579
2830 20.659260
2831 8.942202
2832 10.688569
2833 23.088751
2834 7.375760
2835 12.964066
2836 10.437227
2837 16.208926
2838 14.447467
2839 18.385112
2840 15.163311
2841 11.767089
2842 10.849741
2843 17.418341
2844 27.745561
2845 17.765867
2846 18.902162
2847 13.514407
2848 14.851621
2849 14.622395
2850 11.143962
2851 12.302293
2852 10.502931
2853 12.591044
2854 13.434583
2855 11.029562
2856 10.775820
2857 15.340853
2858 15.611074
2859 12.285925
2860 14.514246
2861 14.899499
2862 17.944236
2863 20.041585
2864 7.299132
2865 10.003289
2866 15.137058
2867 14.531280
2868 16.751887
2869 12.750484
2870 16.388583
2871 11.592680
2872 15.387821
2873 15.004199
2874 8.532247
2875 9.860700
2876 11.065984
2877 14.374822
2878 10.808796
2879 11.611137
2880 7.446507
2881 14.228837
2882 15.311548
2883 18.274414
2884 16.895819
2885 15.550892
2886 17.352174
2887 9.987678
2888 18.296879
2889 16.392462
2890 12.207640
2891 10.797563
2892 10.132624
2893 8.528851
2894 9.379285
2895 12.824528
2896 9.730902
2897 13.813370
2898 13.602617
2899 18.195178
2900 21.797993
2901 16.936267
2902 16.295498
2903 12.348912
2904 9.059614
2905 19.182070
2906 9.155913
2907 19.507658
2908 18.745092
2909 12.207242
2910 12.258452
2911 9.641403
2912 14.505349
2913 9.614405
2914 14.916821
2915 18.802583
2916 13.290080
2917 11.674792
2918 12.721199
2919 12.327937
2920 15.006415
2921 8.213754
2922 16.309924
2923 13.099321
2924 13.814239
2925 15.974095
2926 14.854597
2927 16.475598
2928 16.796595
2929 14.728550
2930 11.677765
2931 14.805610
2932 12.395565
2933 13.325711
2934 12.466119
2935 8.037391
2936 12.511016
2937 14.821352
2938 9.902058
2939 12.321103
2940 18.791380
2941 15.691059
2942 5.713026
2943 17.360606
2944 17.880204
2945 13.109506
2946 13.037765
2947 14.734808
2948 10.928631
2949 16.793221
2950 12.494762
2951 16.846369
2952 13.417409
2953 12.593836
2954 11.326180
2955 12.656808
2956 16.171343
2957 5.696689
2958 12.087487
2959 8.263922
2960 12.951044
2961 13.626615
2962 16.213305
2963 10.307027
2964 17.692684
2965 12.435517
2966 12.735699
2967 11.496071
2968 11.679733
2969 13.158720
2970 12.845149
2971 12.157742
2972 10.472344
2973 7.451434
2974 15.118413
2975 20.178970
2976 13.977737
2977 15.798254
2978 12.757202
2979 12.942344
2980 10.365097
2981 13.166208
2982 15.260613
2983 19.407029
2984 11.851234
2985 12.730758
2986 12.233313
2987 16.083690
2988 13.953004
2989 17.652011
2990 16.709501
2991 7.703480
2992 14.213235
2993 12.411156
2994 11.435213
2995 14.346056
2996 10.652010
2997 13.074154
2998 15.699442
2999 17.250320
3000 16.360793
3001 9.040992
3002 5.244427
3003 18.867283
3004 11.199348
3005 9.515458
3006 17.338821
3007 11.893336
3008 16.342267
3009 12.907609
3010 11.257983
3011 11.723723
3012 2.825473
3013 14.063983
3014 13.342159
3015 13.167589
3016 12.974992
3017 9.386021
3018 12.253340
3019 14.444628
3020 17.350292
3021 21.171807
3022 14.588311
3023 17.672014
3024 8.458662
3025 16.609333
3026 9.990191
3027 13.589560
3028 13.621593
3029 6.446216
3030 17.093780
3031 14.596822
3032 8.598394
3033 10.843397
3034 14.564902
3035 10.523608
3036 21.554864
3037 17.621446
3038 15.249898
3039 11.952555
3040 9.781895
3041 14.626763
3042 13.236763
3043 16.373415
3044 10.498898
3045 10.062305
3046 22.021867
3047 14.668400
3048 8.380366
3049 17.581564
3050 10.815174
3051 12.442472
3052 10.915520
3053 11.697831
3054 16.887962
3055 18.065742
3056 16.802179
3057 16.098892
3058 3.670523
3059 13.947117
3060 16.705924
3061 9.896712
3062 13.460137
3063 7.454906
3064 12.919674
3065 12.680258
3066 11.987424
3067 16.220681
3068 16.485262
3069 12.937950
3070 13.330446
3071 14.503811
3072 13.716760
3073 15.010044
3074 12.165986
3075 14.210541
3076 11.655627
3077 11.139443
3078 16.227501
3079 14.543151
3080 8.875574
3081 11.539723
3082 13.324538
3083 13.731113
3084 15.354562
3085 13.126573
3086 15.917395
3087 11.616258
3088 12.497450
3089 15.457607
3090 18.440771
3091 16.180353
3092 13.493749
3093 16.655975
3094 8.867201
3095 14.725595
3096 11.702472
3097 19.777468
3098 5.423364
3099 12.388294
3100 12.455426
3101 11.974249
3102 15.771704
3103 15.316773
3104 19.063737
3105 12.558725
3106 8.596480
3107 10.105383
3108 14.586124
3109 9.401113
3110 12.578519
3111 13.048366
3112 9.765882
3113 14.989985
3114 8.645606
3115 15.939576
3116 11.250050
3117 21.042980
3118 12.481997
3119 12.547673
3120 13.828330
3121 14.788184
3122 11.980302
3123 13.454130
3124 13.307966
3125 15.525323
3126 10.315457
3127 13.542002
3128 12.022681
3129 13.778738
3130 15.933761
3131 9.508098
3132 17.907159
3133 12.982559
3134 8.649469
3135 20.448063
3136 11.486726
3137 13.113833
3138 13.049975
3139 20.593328
3140 9.854522
3141 10.880170
3142 11.752617
3143 15.775363
3144 11.123729
3145 13.983572
3146 18.429583
3147 11.665152
3148 14.074971
3149 14.142293
3150 12.816799
3151 23.752816
3152 13.679393
3153 16.803235
3154 6.407621
3155 13.475747
3156 12.802931
3157 12.872803
3158 8.171618
3159 19.869576
3160 11.269435
3161 12.920031
3162 12.070233
3163 12.137325
3164 15.449888
3165 15.930885
3166 9.888149
3167 12.521457
3168 15.169234
3169 16.488791
3170 7.642362
3171 15.585882
3172 14.011763
3173 12.693176
3174 13.516671
3175 10.314764
3176 9.486101
3177 15.075825
3178 9.957615
3179 15.482068
3180 14.501341
3181 10.694172
3182 15.752050
3183 14.326169
3184 10.195109
3185 14.038541
3186 8.323917
3187 20.653522
3188 12.655976
3189 18.027676
3190 11.336110
3191 14.149667
3192 18.719472
3193 16.225171
3194 17.395140
3195 11.090071
3196 13.991073
3197 14.345702
3198 15.807287
3199 15.623231
3200 17.499654
3201 14.737242
3202 12.836824
3203 12.887748
3204 14.321446
3205 21.470238
3206 10.055146
3207 17.847309
3208 13.753591
3209 12.603584
3210 15.023524
3211 12.951438
3212 21.592340
3213 16.599132
3214 11.377245
3215 17.665031
3216 15.977256
3217 14.454234
3218 21.359178
3219 12.990577
3220 14.882392
3221 11.488309
3222 8.571040
3223 8.757376
3224 12.055521
3225 14.032620
3226 12.750842
3227 10.482510
3228 14.232604
3229 13.386772
3230 13.320344
3231 16.308949
3232 12.587572
3233 8.874482
3234 10.382919
3235 22.391488
3236 15.430811
3237 12.650905
3238 13.452618
3239 17.313740
3240 8.786770
3241 14.381699
3242 11.219673
3243 19.278675
3244 10.169954
3245 9.792976
3246 12.339410
3247 13.785937
3248 15.101773
3249 20.191496
3250 15.860677
3251 9.902495
3252 17.074693
3253 19.323844
3254 11.072172
3255 10.911131
3256 11.627657
3257 9.803118
3258 14.232488
3259 18.470566
3260 16.865841
3261 10.032153
3262 12.116654
3263 16.729042
3264 9.699151
3265 13.337908
3266 17.191751
3267 13.680811
3268 14.492294
3269 19.718372
3270 15.370599
3271 14.321003
3272 13.631765
3273 16.064424
3274 9.534011
3275 17.103118
3276 11.675585
3277 2.916671
3278 6.509327
3279 14.914441
3280 13.190926
3281 7.994014
3282 15.924992
3283 17.301520
3284 6.355366
3285 17.231354
3286 13.963203
3287 8.863426
3288 14.887785
3289 8.145258
3290 10.388207
3291 11.028670
3292 12.672319
3293 13.448001
3294 13.228010
3295 12.864661
3296 10.210466
3297 14.905353
3298 9.310210
3299 13.871294
3300 15.755963
3301 14.164996
3302 21.382255
3303 14.757861
3304 12.675185
3305 7.789669
3306 19.585851
3307 16.323050
3308 16.911510
3309 13.611304
3310 14.039782
3311 12.109932
3312 15.014244
3313 15.487425
3314 20.839590
3315 6.501161
3316 12.164738
3317 16.776915
3318 12.436406
3319 14.936133
3320 12.903436
3321 7.739703
3322 15.675936
3323 15.643509
3324 12.402254
3325 15.519383
3326 10.320883
3327 14.930055
3328 14.935873
3329 17.239186
3330 6.163768
3331 8.064594
3332 17.145902
3333 13.421332
3334 16.383153
3335 18.823169
3336 12.778957
3337 15.371726
3338 19.870404
3339 16.541574
3340 12.383637
3341 9.609598
3342 10.695772
3343 18.962590
3344 17.544164
3345 8.314985
3346 11.816557
3347 18.122312
3348 14.773136
3349 13.422051
3350 10.123077
3351 19.468903
3352 11.823929
3353 14.843734
3354 13.059043
3355 12.565233
3356 14.179952
3357 15.232210
3358 11.507123
3359 16.921460
3360 15.914155
3361 15.361588
3362 12.066753
3363 7.545049
3364 14.461643
3365 10.634435
3366 16.950796
3367 12.744337
3368 11.355121
3369 14.136682
3370 16.065734
3371 15.298503
3372 10.381572
3373 13.527734
3374 16.523682
3375 10.142592
3376 17.699551
3377 18.460660
3378 11.277061
3379 12.831639
3380 9.834704
3381 16.098051
3382 10.684271
3383 16.224766
3384 9.736682
3385 13.485625
3386 13.764027
3387 16.536778
3388 9.287241
3389 0.204997
3390 13.642868
3391 19.849316
3392 12.778576
3393 12.253990
3394 12.155614
3395 10.775479
3396 15.651229
3397 16.554310
3398 14.871544
3399 17.677087
3400 15.050883
3401 15.258367
3402 14.213852
3403 15.194541
3404 8.697654
3405 17.500548
3406 13.485836
3407 12.485405
3408 14.740309
3409 14.705296
3410 14.201802
3411 12.715673
3412 10.532369
3413 17.017832
3414 18.534289
3415 8.785918
3416 14.838852
3417 13.111535
3418 16.297369
3419 12.365592
3420 13.279201
3421 8.795040
3422 15.140540
3423 10.953830
3424 9.933391
3425 3.400985
3426 11.332647
3427 17.212376
3428 14.120033
3429 11.280261
3430 8.731321
3431 17.469731
3432 15.011998
3433 9.040450
3434 13.153314
3435 15.844656
3436 12.539125
3437 7.433105
3438 14.458416
3439 12.086247
3440 11.023256
3441 16.062801
3442 8.924135
3443 12.657902
3444 18.065786
3445 7.503785
3446 13.696749
3447 11.392081
3448 12.559898
3449 18.364663
3450 15.081102
3451 15.304011
3452 10.251577
3453 21.194588
3454 16.166327
3455 16.900784
3456 10.701733
3457 15.500260
3458 16.169035
3459 13.872714
3460 13.078864
3461 13.155108
3462 15.625259
3463 12.542093
3464 8.504370
3465 13.329843
3466 7.487381
3467 10.273488
3468 12.532946
3469 14.211947
3470 6.558701
3471 7.354315
3472 15.755545
3473 12.484185
3474 16.807809
3475 14.270896
3476 14.271571
3477 19.305885
3478 15.238352
3479 18.643988
3480 8.735654
3481 13.150260
3482 15.767762
3483 9.669834
3484 16.839791
3485 10.949608
3486 15.235887
3487 14.786651
3488 18.231988
3489 12.836754
3490 10.135710
3491 11.742287
3492 11.814320
3493 14.588366
3494 1.645384
3495 12.477183
3496 9.359271
3497 8.072036
3498 14.640262
3499 12.053785
3500 19.444629
3501 10.788797
3502 10.965685
3503 13.958121
3504 14.881956
3505 18.288659
3506 16.689436
3507 17.902666
3508 11.969493
3509 7.958391
3510 16.648103
3511 10.259492
3512 12.658779
3513 22.552352
3514 14.979629
3515 10.070491
3516 12.555186
3517 11.655734
3518 16.652177
3519 17.291868
3520 15.296608
3521 11.588257
3522 12.078101
3523 10.036711
3524 9.787275
3525 15.354898
3526 14.404117
3527 5.759261
3528 14.234240
3529 17.686950
3530 15.950969
3531 14.882461
3532 12.901505
3533 17.162537
3534 13.871365
3535 10.677692
3536 22.590463
3537 9.502863
3538 13.623394
3539 14.027770
3540 22.643038
3541 9.235664
3542 11.159035
3543 11.844092
3544 18.733428
3545 10.939567
3546 13.831381
3547 20.852614
3548 14.167740
3549 11.057007
3550 22.483316
3551 13.606293
3552 18.577822
3553 18.889780
3554 16.145146
3555 12.948843
3556 21.279504
3557 17.657102
3558 9.738964
3559 14.334867
3560 13.917734
3561 12.832395
3562 13.793862
3563 12.968406
3564 9.263854
3565 15.335364
3566 1.463590
3567 14.622695
3568 14.985342
3569 7.204332
3570 14.695827
3571 15.514644
3572 11.452921
3573 9.492573
3574 14.306194
3575 5.608250
3576 13.511194
3577 12.682888
3578 13.359723
3579 13.697943
3580 9.079807
3581 15.230638
3582 19.046002
3583 2.424583
3584 20.653033
3585 14.326265
3586 13.040193
3587 14.236139
3588 8.666645
3589 18.367375
3590 10.947413
3591 11.080366
3592 7.562470
3593 15.948700
3594 7.024422
3595 12.613230
3596 9.286119
3597 12.382663
3598 17.046697
3599 10.047233
3600 19.458427
3601 19.015345
3602 13.337121
3603 14.853828
3604 15.595632
3605 16.473185
3606 14.646386
3607 13.917354
3608 14.606394
3609 12.818722
3610 16.185421
3611 10.722151
3612 22.187640
3613 14.770516
3614 15.906863
3615 16.723677
3616 15.451397
3617 14.936769
3618 15.010039
3619 10.788621
3620 14.828237
3621 16.515976
3622 20.620006
3623 11.721017
3624 12.141976
3625 15.632233
3626 16.500039
3627 16.705007
3628 7.377295
3629 9.714305
3630 12.740066
3631 12.222506
3632 16.661292
3633 19.588735
3634 12.724469
3635 8.527226
3636 13.299644
3637 11.033494
3638 12.955538
3639 12.863112
3640 18.210407
3641 12.211087
3642 14.827563
3643 13.760161
3644 16.030510
3645 4.037289
3646 12.183643
3647 11.599742
3648 17.547397
3649 15.367888
3650 14.278751
3651 15.670295
3652 16.836037
3653 9.383073
3654 9.347438
3655 15.945293
3656 16.081694
3657 7.933071
3658 14.552311
3659 11.579242
3660 7.527537
3661 13.904908
3662 12.387178
3663 15.219798
3664 16.169971
3665 17.982638
3666 13.735326
3667 15.697787
3668 16.000210
3669 18.927614
3670 3.233913
3671 13.749001
3672 12.578522
3673 12.708885
3674 12.265365
3675 14.747531
3676 16.007835
3677 12.357233
3678 19.269215
3679 12.239649
3680 14.287079
3681 3.641774
3682 15.822452
3683 17.770038
3684 13.093958
3685 14.562376
3686 6.311199
3687 18.297135
3688 12.394712
3689 17.159152
3690 17.491818
3691 8.294758
3692 7.525205
3693 15.870600
3694 16.323530
3695 9.185578
3696 13.555382
3697 14.063082
3698 17.792923
3699 12.260110
3700 12.921396
3701 16.261303
3702 15.211863
3703 8.232453
3704 11.184156
3705 14.199500
3706 20.948381
3707 16.635631
3708 16.512866
3709 14.134501
3710 8.759062
3711 22.168845
3712 16.762442
3713 16.143735
3714 17.969365
3715 17.643981
3716 5.336742
3717 14.274762
3718 15.784520
3719 19.259956
3720 17.007820
3721 15.173719
3722 13.694815
3723 16.847857
3724 12.284375
3725 11.199843
3726 13.420972
3727 18.359908
3728 17.941650
3729 11.848239
3730 10.155748
3731 11.919372
3732 9.773808
3733 19.840004
3734 20.127134
3735 14.056182
3736 14.792374
3737 18.455886
3738 16.086657
3739 14.803431
3740 17.086286
3741 14.771572
3742 13.729170
3743 13.713588
3744 14.175800
3745 15.285436
3746 22.757280
3747 19.195478
3748 5.923350
3749 16.932951
3750 16.440951
3751 10.207787
3752 4.547896
3753 17.103523
3754 16.233907
3755 13.559599
3756 10.703149
3757 7.279727
3758 14.172726
3759 19.398992
3760 19.802929
3761 13.626568
3762 14.144332
3763 13.289126
3764 9.055864
3765 13.699691
3766 15.101139
3767 15.333336
3768 19.604309
3769 13.878534
3770 17.218539
3771 15.476232
3772 11.741980
3773 12.391893
3774 14.018021
3775 3.232556
3776 12.014601
3777 8.904220
3778 7.813000
3779 13.910682
3780 12.552203
3781 13.298226
3782 19.894425
3783 11.985773
3784 17.288972
3785 15.711037
3786 12.876242
3787 16.070199
3788 14.131078
3789 11.067719
3790 8.487683
3791 19.092038
3792 10.692213
3793 13.734355
3794 13.126659
3795 11.282085
3796 17.729625
3797 14.343311
3798 14.877525
3799 13.926202
3800 13.525869
3801 11.836859
3802 11.427920
3803 13.762132
3804 14.069114
3805 14.169788
3806 24.838136
3807 21.777969
3808 16.000097
3809 12.388330
3810 14.247289
3811 10.536230
3812 16.079221
3813 16.152348
3814 14.135746
3815 14.066038
3816 10.226344
3817 16.045537
3818 17.684554
3819 9.933248
3820 16.612465
3821 12.892327
3822 15.825879
3823 13.363872
3824 10.075514
3825 19.483691
3826 12.408518
3827 12.074104
3828 11.537385
3829 15.476240
3830 14.246539
3831 14.250702
3832 10.006876
3833 14.597068
3834 14.516912
3835 17.264112
3836 13.131484
3837 12.178759
3838 12.580284
3839 13.369896
3840 15.861866
3841 6.372510
3842 12.424385
3843 12.837489
3844 15.140596
3845 12.771972
3846 11.887078
3847 13.516052
3848 13.328790
3849 15.841987
3850 8.233309
3851 12.263768
3852 7.497543
3853 14.048796
3854 10.425347
3855 12.452152
3856 16.743723
3857 21.189643
3858 9.774083
3859 17.489634
3860 13.603184
3861 15.841839
3862 18.207296
3863 15.336723
3864 12.488879
3865 17.089281
3866 7.531449
3867 15.882327
3868 14.801424
3869 11.291297
3870 9.329997
3871 13.469244
3872 11.973087
3873 16.930446
3874 20.463487
3875 17.202574
3876 14.847651
3877 12.959580
3878 12.255582
3879 8.985108
3880 12.497838
3881 5.908357
3882 11.177119
3883 17.700437
3884 15.561889
3885 8.653468
3886 14.015270
3887 14.692432
3888 7.714249
3889 13.835682
3890 14.058677
3891 12.264750
3892 10.794329
3893 16.358870
3894 12.631857
3895 12.664284
3896 12.635152
3897 11.596111
3898 11.630215
3899 9.326898
3900 9.934057
3901 15.150722
3902 17.035751
3903 9.417295
3904 17.673802
3905 11.999309
3906 11.487780
3907 19.147964
3908 13.093336
3909 12.636060
3910 15.671498
3911 15.175564
3912 17.694678
3913 14.397553
3914 16.441698
3915 13.588692
3916 9.407975
3917 12.936180
3918 14.921546
3919 12.927422
3920 13.249498
3921 13.938384
3922 10.847022
3923 15.414961
3924 18.405925
3925 15.872297
3926 14.193086
3927 20.116312
3928 17.233601
3929 18.456298
3930 9.834031
3931 16.580672
3932 14.689322
3933 11.355594
3934 16.305855
3935 8.485801
3936 13.940697
3937 7.904524
3938 10.668259
3939 15.806643
3940 15.402577
3941 8.538867
3942 11.090825
3943 17.372625
3944 15.105158
3945 13.409671
3946 16.055483
3947 17.684339
3948 13.824707
3949 9.229486
3950 13.065236
3951 10.858726
3952 13.811725
3953 9.950318
3954 10.644851
3955 22.824004
3956 17.581018
3957 11.719078
3958 12.366867
3959 16.738286
3960 12.760192
3961 14.031440
3962 10.601111
3963 12.759950
3964 12.541159
3965 17.610709
3966 13.038064
3967 16.525982
3968 12.555295
3969 14.751167
3970 10.279275
3971 16.788970
3972 11.463349
3973 12.683883
3974 20.017182
3975 14.042489
3976 8.345202
3977 14.479906
3978 6.381274
3979 16.346035
3980 8.907535
3981 15.533483
3982 12.006783
3983 13.433412
3984 13.054595
3985 8.729277
3986 9.496838
3987 14.923158
3988 15.040529
3989 13.938450
3990 15.898666
3991 10.245398
3992 12.529358
3993 12.116525
3994 12.524253
3995 15.961676
3996 14.053488
3997 13.873155
3998 12.088238
3999 13.930115
4000 15.356936
4001 13.827266
4002 17.291357
4003 12.113231
4004 24.017336
4005 18.710202
4006 11.892976
4007 16.721134
4008 19.216662
4009 14.642482
4010 13.163625
4011 13.930200
4012 11.598122
4013 1.978753
4014 15.452382
4015 13.993955
4016 13.945203
4017 8.089040
4018 18.502338
4019 12.980390
4020 15.527630
4021 13.604320
4022 13.536658
4023 8.758128
4024 12.966903
4025 14.377517
4026 12.900457
4027 13.382246
4028 14.678883
4029 11.839460
4030 11.626181
4031 3.849408
4032 15.399620
4033 8.248205
4034 5.722413
4035 15.246457
4036 17.290239
4037 11.718513
4038 14.495686
4039 11.379470
4040 12.447059
4041 12.049020
4042 12.488295
4043 13.414738
4044 11.209428
4045 8.539789
4046 15.215813
4047 11.286211
4048 11.738575
4049 11.561736
4050 12.141743
4051 12.142280
4052 12.998096
4053 13.869549
4054 17.906624
4055 11.244363
4056 12.053030
4057 10.431227
4058 17.426891
4059 9.446313
4060 15.742408
4061 9.607508
4062 11.294814
4063 14.442228
4064 9.059587
4065 14.282809
4066 9.941946
4067 15.914586
4068 13.080934
4069 14.651963
4070 15.722895
4071 15.083303
4072 14.296706
4073 16.284084
4074 17.600860
4075 16.018655
4076 4.159047
4077 14.775294
4078 13.642967
4079 14.901861
4080 9.564033
4081 12.380118
4082 15.803171
4083 16.255023
4084 16.124148
4085 15.880266
4086 8.587921
4087 13.262610
4088 15.670301
4089 12.037663
4090 17.027895
4091 16.211637
4092 12.387837
4093 4.839095
4094 3.936943
4095 18.297424
4096 17.612774
4097 10.855538
4098 13.061883
4099 4.325636
4100 16.778526
4101 14.646599
4102 13.624091
4103 9.902554
4104 20.918622
4105 21.859373
4106 9.417786
4107 17.052770
4108 10.458148
4109 11.141937
4110 16.114788
4111 15.060234
4112 11.170368
4113 11.185383
4114 18.382720
4115 12.023203
4116 7.993663
4117 13.575081
4118 10.611971
4119 14.676142
4120 10.237094
4121 13.751043
4122 12.149152
4123 9.069684
4124 17.265877
4125 15.040423
4126 14.358793
4127 13.383797
4128 13.089993
4129 12.389755
4130 13.685931
4131 14.927916
4132 19.775265
4133 12.834823
4134 18.806923
4135 10.829962
4136 13.498837
4137 13.922574
4138 18.176510
4139 20.789268
4140 20.752120
4141 15.651939
4142 16.942088
4143 15.346803
4144 12.998756
4145 13.903454
4146 11.995215
4147 17.832043
4148 16.467127
4149 10.434757
4150 20.107754
4151 10.711124
4152 17.752193
4153 14.865852
4154 14.400032
4155 12.238534
4156 13.793857
4157 16.241522
4158 13.535204
4159 11.707473
4160 15.230800
4161 17.620341
4162 11.593067
4163 11.785044
4164 10.749349
4165 9.820586
4166 22.296666
4167 15.276393
4168 14.397956
4169 18.881444
4170 12.659842
4171 12.086971
4172 15.039800
4173 18.483364
4174 16.379051
4175 12.276473
4176 20.678254
4177 9.294524
4178 12.518706
4179 13.940769
4180 10.877174
4181 13.040831
4182 17.475951
4183 15.674352
4184 19.398843
4185 8.759956
4186 12.895374
4187 8.650266
4188 9.212502
4189 12.073568
4190 8.381811
4191 13.924810
4192 12.774193
4193 18.051918
4194 8.831821
4195 6.562849
4196 11.846314
4197 10.139913
4198 16.083228
4199 12.829340
4200 14.869851
4201 10.302076
4202 13.910187
4203 14.451436
4204 10.820453
4205 14.376583
4206 14.804064
4207 12.873666
4208 12.123607
4209 13.678568
4210 10.835137
4211 13.816878
4212 13.804091
4213 6.698079
4214 11.595858
4215 10.799087
4216 17.961822
4217 12.122268
4218 15.633030
4219 10.450487
4220 13.828476
4221 10.834728
4222 3.156130
4223 18.236951
4224 12.494919
4225 14.703722
4226 11.916184
4227 16.728668
4228 15.450833
4229 17.408783
4230 13.902221
4231 14.021599
4232 8.157774
4233 15.682495
4234 14.064927
4235 16.346548
4236 10.078362
4237 21.821293
4238 15.148975
4239 9.466286
4240 12.716720
4241 13.271262
4242 14.852191
4243 16.030485
4244 16.635295
4245 8.266370
4246 11.027616
4247 5.457036
4248 17.042109
4249 17.971256
4250 13.227521
4251 17.589097
4252 13.695041
4253 15.754326
4254 12.577607
4255 14.322441
4256 11.601773
4257 16.900363
4258 16.772426
4259 10.426780
4260 12.535441
4261 17.256572
4262 13.830837
4263 13.247965
4264 15.883395
4265 13.072883
4266 23.466490
4267 10.997945
4268 13.232660
4269 2.526384
4270 13.020997
4271 16.166524
4272 17.445581
4273 18.026908
4274 7.744257
4275 13.945136
4276 14.159951
4277 6.399823
4278 14.374925
4279 16.337479
4280 15.311623
4281 10.412667
4282 9.022780
4283 10.738495
4284 13.156901
4285 19.343215
4286 13.204640
4287 12.396986
4288 20.999611
4289 13.503829
4290 13.587945
4291 14.104045
4292 14.605579
4293 12.929425
4294 18.880605
4295 17.319586
4296 15.023155
4297 18.314880
4298 17.737644
4299 16.377824
4300 9.544159
4301 17.243858
4302 17.533990
4303 13.852553
4304 12.631107
4305 12.618223
4306 13.820511
4307 13.266347
4308 18.778836
4309 11.546873
4310 16.496204
4311 14.721316
4312 15.247275
4313 12.754361
4314 17.837610
4315 14.831086
4316 13.255365
4317 16.640784
4318 21.696029
4319 9.236126
4320 13.719013
4321 17.549088
4322 13.693419
4323 12.799678
4324 14.247652
4325 10.632057
4326 13.772908
4327 13.157323
4328 16.075848
4329 11.303100
4330 17.761160
4331 12.866456
4332 15.383101
4333 9.563406
4334 13.741046
4335 11.697606
4336 16.149068
4337 7.685050
4338 13.661288
4339 16.405705
4340 14.590092
4341 11.452127
4342 14.867502
4343 14.340847
4344 8.563388
4345 11.109267
4346 15.488867
4347 13.450858
4348 16.438390
4349 13.543714
4350 17.995763
4351 11.202131
4352 17.137776
4353 13.723770
4354 14.144293
4355 8.941429
4356 16.994714
4357 9.734985
4358 13.254055
4359 13.745123
4360 12.117650
4361 13.766670
4362 11.940355
4363 8.663514
4364 14.980503
4365 9.062009
4366 12.172070
4367 12.716242
4368 15.376854
4369 4.766994
4370 10.608619
4371 21.687795
4372 14.252265
4373 14.542008
4374 7.259128
4375 4.858209
4376 19.019238
4377 16.244586
4378 14.836490
4379 9.249173
4380 8.539474
4381 3.420363
4382 21.696772
4383 8.945848
4384 14.412385
4385 14.426299
4386 11.423698
4387 15.944575
4388 12.452258
4389 12.291170
4390 13.505784
4391 0.519403
4392 15.432329
4393 11.388429
4394 9.245387
4395 15.981901
4396 19.482807
4397 13.632814
4398 17.051673
4399 15.069369
4400 15.477402
4401 11.333949
4402 8.830590
4403 5.509247
4404 14.959629
4405 4.569972
4406 15.010134
4407 15.267245
4408 12.554206
4409 12.412920
4410 9.920219
4411 18.738832
4412 12.599905
4413 14.580189
4414 13.525463
4415 11.507001
4416 15.102374
4417 19.198180
4418 14.108284
4419 14.442091
4420 13.209618
4421 13.783279
4422 16.487119
4423 11.718315
4424 16.550323
4425 15.598149
4426 17.937689
4427 13.917969
4428 15.311332
4429 17.345819
4430 5.984688
4431 14.375127
4432 11.652569
4433 15.629019
4434 10.438907
4435 15.249595
4436 21.896852
4437 15.342809
4438 11.828421
4439 10.013183
4440 12.104974
4441 8.097273
4442 12.011610
4443 15.050656
4444 13.638726
4445 8.865044
4446 8.682791
4447 12.578644
4448 11.774722
4449 13.261824
4450 15.008750
4451 11.968676
4452 18.093753
4453 6.515996
4454 10.581061
4455 12.868153
4456 14.579025
4457 18.090502
4458 14.888606
4459 12.822740
4460 15.571494
4461 9.351751
4462 11.302366
4463 8.597920
4464 11.788905
4465 12.261563
4466 11.402667
4467 12.320152
4468 13.271592
4469 14.474726
4470 11.350947
4471 6.020158
4472 12.066541
4473 13.798258
4474 13.572695
4475 13.016401
4476 11.456214
4477 16.140679
4478 12.736314
4479 9.956385
4480 19.022477
4481 12.976427
4482 12.023907
4483 17.009153
4484 14.352143
4485 16.927874
4486 11.065517
4487 25.005217
4488 12.131961
4489 16.591728
4490 15.028966
4491 15.336638
4492 15.973556
4493 17.284393
4494 15.133697
4495 9.872921
4496 12.402123
4497 11.425917
4498 18.440199
4499 9.214131
4500 14.911618
4501 16.581227
4502 11.357017
4503 11.488389
4504 10.347079
4505 19.987095
4506 13.014777
4507 14.731256
4508 17.204417
4509 2.686595
4510 10.854661
4511 12.089176
4512 14.871026
4513 16.587157
4514 19.810184
4515 21.239319
4516 11.668562
4517 12.720146
4518 15.615289
4519 15.105437
4520 13.763402
4521 16.867084
4522 10.276655
4523 12.314604
4524 14.620446
4525 6.816804
4526 12.487901
4527 10.696218
4528 10.289628
4529 13.023069
4530 13.264508
4531 14.076889
4532 13.524935
4533 14.564622
4534 14.248924
4535 16.729628
4536 11.485304
4537 8.271937
4538 12.726330
4539 22.531593
4540 17.216612
4541 12.538119
4542 19.410215
4543 15.516971
4544 14.562040
4545 11.471144
4546 18.714442
4547 13.148937
4548 15.803979
4549 9.132061
4550 12.713200
4551 10.191785
4552 16.024549
4553 8.795871
4554 11.809985
4555 11.253494
4556 12.917538
4557 13.629637
4558 12.699340
4559 16.239663
4560 13.606322
4561 16.920362
4562 14.472309
4563 13.500632
4564 17.535607
4565 12.512493
4566 16.539643
4567 2.311153
4568 16.679220
4569 16.125377
4570 5.689979
4571 10.485798
4572 15.187833
4573 19.866855
4574 9.029172
4575 16.107750
4576 17.322376
4577 13.970885
4578 12.552181
4579 16.029993
4580 13.035614
4581 14.678197
4582 13.624856
4583 11.437833
4584 11.430499
4585 20.168422
4586 14.883376
4587 10.855350
4588 4.728031
4589 10.104518
4590 15.017157
4591 13.506926
4592 16.240946
4593 7.822266
4594 7.741962
4595 16.254162
4596 11.271863
4597 15.143503
4598 14.478855
4599 11.642193
4600 8.877193
4601 16.780601
4602 17.628087
4603 15.818274
4604 16.012114
4605 22.950669
4606 12.081634
4607 14.544634
4608 12.064682
4609 11.982138
4610 13.904424
4611 16.209065
4612 13.519373
4613 16.687688
4614 15.131683
4615 16.760910
4616 14.234676
4617 18.569921
4618 13.643404
4619 3.638319
4620 19.426328
4621 16.609182
4622 17.474647
4623 17.060390
4624 13.161954
4625 12.557813
4626 12.883745
4627 12.308777
4628 15.366188
4629 14.115050
4630 12.151754
4631 12.116486
4632 14.281740
4633 15.717729
4634 5.540107
4635 11.223021
4636 10.350652
4637 17.144583
4638 10.315922
4639 13.963146
4640 14.371166
4641 10.200966
4642 10.889221
4643 16.249695
4644 14.474857
4645 8.778155
4646 8.978000
4647 12.890218
4648 14.882379
4649 11.229306
4650 11.751473
4651 6.591976
4652 11.437097
4653 7.755865
4654 14.025222
4655 13.009799
4656 12.295880
4657 13.792226
4658 6.318452
4659 17.966322
4660 16.216440
4661 13.639431
4662 7.792288
4663 13.813163
4664 11.691043
4665 9.851800
4666 14.030756
4667 14.500832
4668 12.747249
4669 10.049642
4670 12.148276
4671 13.046229
4672 18.224188
4673 15.132176
4674 14.254083
4675 9.695125
4676 14.425581
4677 11.441135
4678 18.726900
4679 16.307183
4680 14.703149
4681 13.324260
4682 17.288223
4683 5.184061
4684 13.467111
4685 14.680073
4686 12.202140
4687 18.982593
4688 13.792849
4689 13.192874
4690 12.699288
4691 7.563481
4692 14.619624
4693 9.795203
4694 18.871860
4695 16.775136
4696 11.901216
4697 12.943049
4698 11.814342
4699 11.623630
4700 6.019936
4701 14.085298
4702 11.638399
4703 19.687975
4704 8.554458
4705 15.826079
4706 16.363236
4707 16.078576
4708 11.253096
4709 12.430564
4710 14.011996
4711 18.436860
4712 13.511026
4713 14.934160
4714 17.641182
4715 11.150300
4716 15.230092
4717 15.776535
4718 11.915660
4719 10.802868
4720 10.711818
4721 12.467693
4722 14.041074
4723 9.337511
4724 20.583520
4725 12.328581
4726 16.601059
4727 12.533004
4728 14.230517
4729 11.929158
4730 15.495952
4731 9.596660
4732 14.112768
4733 12.152221
4734 17.259382
4735 15.069881
4736 19.455583
4737 17.627673
4738 14.043804
4739 14.647660
4740 19.349315
4741 11.987115
4742 15.162581
4743 21.347740
4744 13.275169
4745 15.022246
4746 9.124660
4747 15.812083
4748 13.008785
4749 13.632288
4750 13.033136
4751 13.000740
4752 15.551168
4753 12.026845
4754 13.562569
4755 18.439197
4756 11.410608
4757 21.436066
4758 11.520654
4759 17.136395
4760 11.671248
4761 15.089332
4762 13.670003
4763 12.656480
4764 13.671008
4765 16.849644
4766 12.882661
4767 20.383601
4768 15.490334
4769 13.272568
4770 16.144162
4771 14.487835
4772 19.489027
4773 15.145967
4774 13.887259
4775 15.184443
4776 12.211572
4777 8.740638
4778 16.910628
4779 15.131606
4780 10.822077
4781 13.434375
4782 17.667713
4783 12.863100
4784 12.516986
4785 10.500292
4786 12.916547
4787 17.321594
4788 18.988006
4789 14.289533
4790 20.340315
4791 10.624115
4792 15.186767
4793 12.180804
4794 9.170044
4795 14.716070
4796 15.297125
4797 16.814077
4798 11.079037
4799 12.337769
4800 2.058235
4801 14.958471
4802 15.096136
4803 22.695448
4804 18.336655
4805 10.180910
4806 12.110348
4807 11.436959
4808 19.476508
4809 13.120649
4810 13.949613
4811 11.374988
4812 12.209132
4813 18.717113
4814 14.295936
4815 13.413572
4816 12.618731
4817 13.844778
4818 17.586087
4819 9.571721
4820 13.829862
4821 11.234046
4822 15.199395
4823 12.495380
4824 11.825745
4825 16.569825
4826 6.140321
4827 14.617535
4828 6.697870
4829 6.924809
4830 9.955267
4831 13.845386
4832 15.302246
4833 16.274226
4834 13.676768
4835 17.324250
4836 19.543178
4837 18.251174
4838 11.453377
4839 17.368216
4840 13.626622
4841 11.943752
4842 11.606691
4843 5.821118
4844 11.953423
4845 11.352126
4846 15.711898
4847 12.574030
4848 10.507056
4849 13.708153
4850 20.171182
4851 10.954679
4852 13.833647
4853 7.677663
4854 14.998695
4855 16.000451
4856 12.574311
4857 9.700338
4858 18.069247
4859 11.896144
4860 14.110089
4861 13.315117
4862 14.141357
4863 15.782065
4864 10.879768
4865 14.778774
4866 6.312825
4867 13.549986
4868 12.424317
4869 18.511850
4870 4.288254
4871 12.724964
4872 16.405171
4873 10.747241
4874 12.917527
4875 16.088966
4876 15.748261
4877 20.348723
4878 8.198095
4879 15.979157
4880 8.538795
4881 13.964779
4882 13.486587
4883 10.104289
4884 19.066340
4885 12.958135
4886 17.581918
4887 17.149547
4888 13.637061
4889 15.675080
4890 10.638827
4891 11.216377
4892 11.722269
4893 11.709148
4894 17.672912
4895 13.927266
4896 14.772390
4897 15.897104
4898 10.086926
4899 18.670036
4900 20.157897
4901 14.629684
4902 13.501045
4903 11.821968
4904 12.194708
4905 11.487015
4906 9.649291
4907 12.469940
4908 13.894077
4909 12.404066
4910 12.061042
4911 11.241978
4912 8.641492
4913 8.253474
4914 11.337084
4915 15.554160
4916 15.940833
4917 11.846997
4918 13.931488
4919 13.958881
4920 10.826086
4921 12.393811
4922 9.554214
4923 15.695560
4924 13.618515
4925 11.612719
4926 14.644745
4927 16.055077
4928 12.295691
4929 12.671203
4930 4.330074
4931 19.066818
4932 9.906261
4933 13.952700
4934 16.575643
4935 10.813058
4936 15.951766
4937 13.203681
4938 16.017934
4939 12.166043
4940 16.242437
4941 16.545235
4942 10.024989
4943 12.478255
4944 13.847764
4945 12.419247
4946 13.189753
4947 14.013932
4948 11.900659
4949 17.507376
4950 10.951955
4951 12.708924
4952 13.789502
4953 8.391410
4954 12.353298
4955 20.646158
4956 11.714096
4957 13.992820
4958 14.176530
4959 12.942245
4960 9.340526
4961 15.808197
4962 11.835315
4963 6.191872
4964 9.377110
4965 18.502094
4966 13.358972
4967 13.858414
4968 16.789634
4969 14.441267
4970 13.247955
4971 15.514753
4972 13.372112
4973 16.850248
4974 12.394015
4975 9.332550
4976 10.869852
4977 12.754020
4978 15.561788
4979 16.434133
4980 14.280808
4981 15.121122
4982 11.275853
4983 10.002151
4984 9.609482
4985 14.196213
4986 12.400311
4987 17.690233
4988 10.833378
4989 19.332730
4990 15.114105
4991 11.231383
4992 20.672023
4993 10.329362
4994 16.200899
4995 13.675677
4996 11.542409
4997 11.924181
4998 14.463591
4999 14.345536
